<?xml version="1.0" encoding="utf-8"?>
<COLLADA xmlns="http://www.collada.org/2005/11/COLLADASchema" version="1.4.1">
  <asset><contributor><author>Mixamo</author><authoring_tool>COLLADA Mixamo exporter</authoring_tool><comments></comments></contributor><created>2019-01-22T20:46:06Z</created><modified>2019-01-22T20:46:06Z</modified><revision></revision><title></title><unit meter="0.010000"/><up_axis>Y_UP</up_axis></asset>
  <library_animations>
    <animation id="mixamorig_Hips-anim" name="mixamorig_Hips"><source id="mixamorig_Hips-Matrix-animation-input"><float_array id="mixamorig_Hips-Matrix-animation-input-array" count="47">

0.000000 0.033333 0.066667 0.100000 0.133333 0.166667 0.200000 0.233333 0.266667 0.300000 0.333333 0.366667 0.400000 0.433333 0.466667 0.500000
0.533333 0.566667 0.600000 0.633333 0.666667 0.700000 0.733333 0.766667 0.800000 0.833333 0.866667 0.900000 0.933333 0.966667 1.000000 1.033333
1.066667 1.100000 1.133333 1.166667 1.200000 1.233333 1.266667 1.300000 1.333333 1.366667 1.400000 1.433333 1.466667 1.500000 1.533333</float_array><technique_common><accessor source="#mixamorig_Hips-Matrix-animation-input-array" count="47"><param name="TIME" type="float"/></accessor></technique_common></source><source id="mixamorig_Hips-Matrix-animation-output-transform"><float_array id="mixamorig_Hips-Matrix-animation-output-transform-array" count="752">

0.723030 0.078324 -0.686362 2.072373 -0.007100 0.994342 0.105989 93.037224 0.690780 -0.071760 0.719495 9.487176 0.000000 0.000000 0.000000 1.000000
0.706416 0.085860 -0.702570 2.273005 -0.016635 0.994355 0.104792 93.687576 0.707602 -0.062340 0.703856 10.326587 0.000000 0.000000 0.000000 1.000000
0.691267 0.107225 -0.714600 2.239223 -0.037874 0.992946 0.112353 94.096443 0.721606 -0.050601 0.690452 11.255132 0.000000 0.000000 0.000000 1.000000
0.678284 0.143618 -0.720628 1.897117 -0.072120 0.988990 0.129219 94.117462 0.731252 -0.035676 0.681174 12.274486 0.000000 0.000000 0.000000 1.000000
0.666343 0.191312 -0.720685 1.238974 -0.115133 0.981332 0.154051 93.697784 0.736703 -0.019676 0.675930 13.447480 0.000000 0.000000 0.000000 1.000000
0.650725 0.246928 -0.718041 0.278965 -0.161492 0.969017 0.186884 92.935379 0.741942 -0.005652 0.670441 14.819901 0.000000 0.000000 0.000000 1.000000
0.630264 0.304707 -0.714087 -0.815455 -0.204719 0.952438 0.225725 92.006371 0.748904 0.003921 0.662667 16.364000 0.000000 0.000000 0.000000 1.000000
0.608688 0.356297 -0.708909 -1.790494 -0.239933 0.934323 0.263576 91.062378 0.756261 0.009655 0.654199 17.934044 0.000000 0.000000 0.000000 1.000000
0.589763 0.396032 -0.703803 -2.470623 -0.262559 0.918184 0.296650 90.125587 0.763703 0.009837 0.645492 19.299885 0.000000 0.000000 0.000000 1.000000
0.573946 0.421158 -0.702291 -2.799094 -0.269308 0.906981 0.323818 89.177887 0.773343 0.003279 0.633979 20.272404 0.000000 0.000000 0.000000 1.000000
0.558425 0.434254 -0.706814 -2.847989 -0.265608 0.900781 0.343577 88.310814 0.785884 -0.004126 0.618360 20.856192 0.000000 0.000000 0.000000 1.000000
0.549782 0.441750 -0.708940 -2.701004 -0.264933 0.897114 0.353549 87.632065 0.792181 -0.006553 0.610252 21.111565 0.000000 0.000000 0.000000 1.000000
0.556874 0.443081 -0.702546 -2.397345 -0.271433 0.896471 0.350234 87.221016 0.784994 -0.004342 0.619488 21.070362 0.000000 0.000000 0.000000 1.000000
0.574029 0.438194 -0.691720 -2.002292 -0.278094 0.898878 0.338646 87.136200 0.770165 -0.002029 0.637841 20.830982 0.000000 0.000000 0.000000 1.000000
0.590873 0.427780 -0.684012 -1.555157 -0.279000 0.903882 0.324277 87.331512 0.756986 -0.000767 0.653431 20.450420 0.000000 0.000000 0.000000 1.000000
0.606261 0.411151 -0.680737 -1.067216 -0.274648 0.911566 0.305966 87.742996 0.746335 0.001468 0.665569 19.929350 0.000000 0.000000 0.000000 1.000000
0.620302 0.389054 -0.681074 -0.544146 -0.267495 0.921189 0.282590 88.338097 0.737341 0.006893 0.675486 19.302767 0.000000 0.000000 0.000000 1.000000
0.632355 0.363142 -0.684291 -0.003760 -0.257554 0.931627 0.256393 89.126129 0.730611 0.014111 0.682648 18.594118 0.000000 0.000000 0.000000 1.000000
0.643259 0.334924 -0.688508 0.542097 -0.245130 0.942004 0.229218 90.040390 0.725347 0.021327 0.688052 17.790819 0.000000 0.000000 0.000000 1.000000
0.652933 0.305297 -0.693160 1.086305 -0.232382 0.951775 0.200306 90.925491 0.720886 0.030292 0.692392 16.881010 0.000000 0.000000 0.000000 1.000000
0.662129 0.274934 -0.697135 1.622213 -0.220443 0.960568 0.169453 91.644470 0.716234 0.041479 0.696627 15.893683 0.000000 0.000000 0.000000 1.000000
0.671781 0.245022 -0.699052 2.112473 -0.207227 0.968193 0.140215 92.138000 0.711173 0.050669 0.701189 14.871210 0.000000 0.000000 0.000000 1.000000
0.682067 0.217350 -0.698243 2.572471 -0.189739 0.974710 0.118066 92.373154 0.706247 0.051955 0.706057 13.842263 0.000000 0.000000 0.000000 1.000000
0.692877 0.194770 -0.694252 2.971104 -0.170906 0.979751 0.104299 92.372055 0.700509 0.046385 0.712135 12.861840 0.000000 0.000000 0.000000 1.000000
0.704709 0.176547 -0.687180 3.260925 -0.152650 0.983591 0.096155 92.228455 0.692880 0.037136 0.720096 11.986220 0.000000 0.000000 0.000000 1.000000
0.716622 0.159119 -0.679068 3.499331 -0.134062 0.986898 0.089775 92.066612 0.684456 0.026703 0.728565 11.235041 0.000000 0.000000 0.000000 1.000000
0.726701 0.141103 -0.672306 3.708275 -0.115215 0.989849 0.083213 92.003372 0.677223 0.016989 0.735582 10.623701 0.000000 0.000000 0.000000 1.000000
0.733858 0.123497 -0.667983 3.870127 -0.096965 0.992310 0.076931 92.017319 0.672347 0.008315 0.740189 10.143361 0.000000 0.000000 0.000000 1.000000
0.739576 0.108898 -0.664205 3.974316 -0.081066 0.994053 0.072712 92.010002 0.668173 0.000069 0.744006 9.807999 0.000000 0.000000 0.000000 1.000000
0.742981 0.099491 -0.661876 3.994444 -0.069022 0.995007 0.072086 91.932243 0.665744 -0.007874 0.746139 9.607017 0.000000 0.000000 0.000000 1.000000
0.743927 0.096268 -0.661291 3.941549 -0.061582 0.995234 0.075605 91.726326 0.665418 -0.015521 0.746310 9.533179 0.000000 0.000000 0.000000 1.000000
0.744196 0.098848 -0.660607 3.839954 -0.058153 0.994822 0.083347 91.402229 0.665425 -0.023610 0.746091 9.594701 0.000000 0.000000 0.000000 1.000000
0.745061 0.104984 -0.658683 3.697078 -0.056784 0.993934 0.094188 91.075691 0.664575 -0.032773 0.746502 9.762912 0.000000 0.000000 0.000000 1.000000
0.748913 0.109435 -0.653570 3.543637 -0.053930 0.993063 0.104483 90.845123 0.660470 -0.043002 0.749620 10.007004 0.000000 0.000000 0.000000 1.000000
0.754612 0.109514 -0.646968 3.388288 -0.049152 0.992638 0.110697 90.737350 0.654328 -0.051733 0.754439 10.313143 0.000000 0.000000 0.000000 1.000000
0.758203 0.108560 -0.642918 3.219404 -0.044987 0.992402 0.114519 90.738510 0.650465 -0.057905 0.757326 10.638956 0.000000 0.000000 0.000000 1.000000
0.758099 0.108120 -0.643114 3.044267 -0.040636 0.992076 0.118886 90.844353 0.650872 -0.063994 0.756485 10.926783 0.000000 0.000000 0.000000 1.000000
0.757360 0.106745 -0.644214 2.866910 -0.035856 0.991858 0.122197 91.025742 0.652013 -0.069448 0.755021 11.149180 0.000000 0.000000 0.000000 1.000000
0.758832 0.103801 -0.642961 2.659345 -0.031516 0.991914 0.122940 91.308594 0.650523 -0.073027 0.755967 11.261300 0.000000 0.000000 0.000000 1.000000
0.761582 0.099688 -0.640356 2.378031 -0.027847 0.992220 0.121346 91.733017 0.647471 -0.074583 0.758432 11.249545 0.000000 0.000000 0.000000 1.000000
0.764371 0.095360 -0.637686 2.033257 -0.025727 0.992726 0.117615 92.261841 0.644263 -0.073496 0.761264 11.136353 0.000000 0.000000 0.000000 1.000000
0.766592 0.091620 -0.635564 1.642521 -0.025230 0.993302 0.112758 92.807503 0.641638 -0.070404 0.763769 10.922254 0.000000 0.000000 0.000000 1.000000
0.768373 0.089635 -0.633694 1.233269 -0.025989 0.993697 0.109045 93.246758 0.639474 -0.067318 0.765860 10.627233 0.000000 0.000000 0.000000 1.000000
0.769247 0.091002 -0.632438 0.844195 -0.028255 0.993682 0.108614 93.482071 0.638327 -0.065681 0.766958 10.281041 0.000000 0.000000 0.000000 1.000000
0.768524 0.095057 -0.632720 0.485265 -0.030588 0.993230 0.112065 93.447998 0.639089 -0.066772 0.766229 9.907683 0.000000 0.000000 0.000000 1.000000
0.766831 0.101598 -0.633757 0.182576 -0.032421 0.992263 0.119842 93.119713 0.641030 -0.071352 0.764192 9.545682 0.000000 0.000000 0.000000 1.000000
0.765768 0.109912 -0.633655 -0.041375 -0.033516 0.990769 0.131351 92.514862 0.642243 -0.079347 0.762383 9.244119 0.000000 0.000000 0.000000 1.000000</float_array><technique_common><accessor source="#mixamorig_Hips-Matrix-animation-output-transform-array" count="47" stride="16"><param type="float4x4"/></accessor></technique_common></source><source id="mixamorig_Hips-Interpolations"><Name_array id="mixamorig_Hips-Interpolations-array" count="47">
 LINEAR LINEAR LINEAR LINEAR LINEAR LINEAR LINEAR LINEAR LINEAR LINEAR LINEAR
LINEAR LINEAR LINEAR LINEAR LINEAR LINEAR LINEAR LINEAR LINEAR LINEAR LINEAR LINEAR
LINEAR LINEAR LINEAR LINEAR LINEAR LINEAR LINEAR LINEAR LINEAR LINEAR LINEAR LINEAR
LINEAR LINEAR LINEAR LINEAR LINEAR LINEAR LINEAR LINEAR LINEAR LINEAR LINEAR LINEAR</Name_array><technique_common><accessor source="#mixamorig_Hips-Interpolations-array" count="47"><param type="name"/></accessor></technique_common></source><sampler id="mixamorig_Hips-Matrix-animation-transform"><input semantic="INPUT" source="#mixamorig_Hips-Matrix-animation-input"/><input semantic="OUTPUT" source="#mixamorig_Hips-Matrix-animation-output-transform"/><input semantic="INTERPOLATION" source="#mixamorig_Hips-Interpolations"/></sampler><channel source="#mixamorig_Hips-Matrix-animation-transform" target="mixamorig_Hips/matrix"/></animation>
    <animation id="mixamorig_Spine-anim" name="mixamorig_Spine"><source id="mixamorig_Spine-Matrix-animation-input"><float_array id="mixamorig_Spine-Matrix-animation-input-array" count="47">

0.000000 0.033333 0.066667 0.100000 0.133333 0.166667 0.200000 0.233333 0.266667 0.300000 0.333333 0.366667 0.400000 0.433333 0.466667 0.500000
0.533333 0.566667 0.600000 0.633333 0.666667 0.700000 0.733333 0.766667 0.800000 0.833333 0.866667 0.900000 0.933333 0.966667 1.000000 1.033333
1.066667 1.100000 1.133333 1.166667 1.200000 1.233333 1.266667 1.300000 1.333333 1.366667 1.400000 1.433333 1.466667 1.500000 1.533333</float_array><technique_common><accessor source="#mixamorig_Spine-Matrix-animation-input-array" count="47"><param name="TIME" type="float"/></accessor></technique_common></source><source id="mixamorig_Spine-Matrix-animation-output-transform"><float_array id="mixamorig_Spine-Matrix-animation-output-transform-array" count="752">

0.998955 0.003283 0.045595 0.000000 0.014168 0.926069 -0.377089 10.181600 -0.043462 0.377341 0.925054 0.131500 0.000000 0.000000 0.000000 1.000000
0.998988 0.006411 0.044529 0.000000 0.010240 0.931406 -0.363838 10.181600 -0.043807 0.363925 0.930397 0.131500 0.000000 0.000000 0.000000 1.000000
0.999256 0.008686 0.037563 0.000000 0.004895 0.937829 -0.347062 10.181600 -0.038243 0.346988 0.937090 0.131500 0.000000 0.000000 0.000000 1.000000
0.999675 0.009434 0.023665 -0.000000 -0.001206 0.945391 -0.325936 10.181600 -0.025448 0.325802 0.945096 0.131500 0.000000 0.000000 0.000000 1.000000
0.999940 0.010666 0.002674 -0.000000 -0.009366 0.953543 -0.301113 10.181600 -0.005761 0.301069 0.953585 0.131500 0.000000 0.000000 0.000000 1.000000
0.999668 0.014650 -0.021213 0.000000 -0.019910 0.961451 -0.274255 10.181600 0.016377 0.274586 0.961423 0.131500 0.000000 0.000000 0.000000 1.000000
0.998885 0.018656 -0.043359 -0.000000 -0.028882 0.968120 -0.248815 10.181600 0.037335 0.249790 0.967580 0.131500 0.000000 0.000000 0.000000 1.000000
0.998191 0.019135 -0.056992 0.000000 -0.031658 0.973212 -0.227721 10.181600 0.051108 0.229113 0.972057 0.131500 0.000000 0.000000 0.000000 1.000000
0.997974 0.019392 -0.060594 -0.000000 -0.031895 0.976580 -0.212779 10.181600 0.055049 0.214281 0.975220 0.131500 0.000000 0.000000 0.000000 1.000000
0.997853 0.025598 -0.060276 -0.000000 -0.037331 0.978588 -0.202414 10.181600 0.053804 0.204229 0.977443 0.131500 0.000000 0.000000 0.000000 1.000000
0.997737 0.035042 -0.057391 0.000000 -0.045696 0.979464 -0.196371 10.181600 0.049331 0.198549 0.978849 0.131500 0.000000 0.000000 0.000000 1.000000
0.997811 0.041139 -0.051785 0.000000 -0.050587 0.979115 -0.196914 10.181600 0.042602 0.199102 0.979052 0.131500 0.000000 0.000000 0.000000 1.000000
0.997802 0.045176 -0.048473 0.000000 -0.054094 0.977854 -0.202178 10.181600 0.038266 0.204356 0.978148 0.131500 0.000000 0.000000 0.000000 1.000000
0.997627 0.050545 -0.046753 0.000000 -0.059347 0.975531 -0.211700 10.181600 0.034908 0.213972 0.976216 0.131500 0.000000 0.000000 0.000000 1.000000
0.997422 0.057814 -0.042516 -0.000000 -0.065915 0.972313 -0.224193 10.181600 0.028377 0.226418 0.973617 0.131500 0.000000 0.000000 0.000000 1.000000
0.997186 0.065814 -0.035885 -0.000000 -0.072463 0.968880 -0.236686 10.181600 0.019191 0.238621 0.970923 0.131500 0.000000 0.000000 0.000000 1.000000
0.997065 0.070986 -0.028680 -0.000000 -0.075893 0.965777 -0.248022 10.181600 0.010092 0.249471 0.968330 0.131500 0.000000 0.000000 0.000000 1.000000
0.997022 0.073855 -0.022192 -0.000000 -0.077086 0.962564 -0.259861 10.181600 0.002170 0.260797 0.965391 0.131500 0.000000 0.000000 0.000000 1.000000
0.996981 0.075304 -0.018908 -0.000000 -0.077603 0.958847 -0.273113 10.181600 -0.002436 0.273756 0.961796 0.131500 0.000000 0.000000 0.000000 1.000000
0.997090 0.074230 -0.017382 0.000000 -0.076092 0.954868 -0.287120 10.181600 -0.004715 0.287607 0.957737 0.131500 0.000000 0.000000 0.000000 1.000000
0.997430 0.070396 -0.013328 0.000000 -0.071147 0.951258 -0.300078 10.181600 -0.008446 0.300255 0.953822 0.131500 0.000000 0.000000 0.000000 1.000000
0.997777 0.066181 -0.007834 -0.000000 -0.065309 0.947630 -0.312622 10.181600 -0.013266 0.312438 0.949845 0.131500 0.000000 0.000000 0.000000 1.000000
0.997936 0.064199 -0.001222 0.000000 -0.061036 0.942515 -0.328543 10.181600 -0.019940 0.327939 0.944488 0.131500 0.000000 0.000000 0.000000 1.000000
0.998110 0.061312 0.004171 -0.000000 -0.056052 0.936099 -0.347242 10.181600 -0.025195 0.346351 0.937766 0.131500 0.000000 0.000000 0.000000 1.000000
0.998431 0.055521 0.007274 0.000000 -0.049042 0.929730 -0.364962 10.181600 -0.027026 0.364032 0.930994 0.131500 0.000000 0.000000 0.000000 1.000000
0.998736 0.049227 0.010173 -0.000000 -0.041706 0.924468 -0.378971 10.181600 -0.028060 0.378068 0.925353 0.131500 0.000000 0.000000 0.000000 1.000000
0.998975 0.043399 0.012865 0.000000 -0.034977 0.920487 -0.389204 10.181600 -0.028734 0.388355 0.921062 0.131500 0.000000 0.000000 0.000000 1.000000
0.999104 0.039070 0.016300 0.000000 -0.029445 0.917980 -0.395532 10.181600 -0.030416 0.394698 0.918307 0.131500 0.000000 0.000000 0.000000 1.000000
0.999166 0.035010 0.021021 -0.000000 -0.023726 0.916661 -0.398961 10.181600 -0.033236 0.398130 0.916727 0.131500 0.000000 0.000000 0.000000 1.000000
0.999158 0.030988 0.026907 -0.000000 -0.017614 0.915988 -0.400819 10.181600 -0.037067 0.400007 0.915762 0.131500 0.000000 0.000000 0.000000 1.000000
0.999126 0.027044 0.031887 -0.000000 -0.011964 0.915675 -0.401741 10.181600 -0.040063 0.401008 0.915198 0.131500 0.000000 0.000000 0.000000 1.000000
0.999155 0.022543 0.034360 -0.000000 -0.006818 0.915462 -0.402346 10.181600 -0.040526 0.401771 0.914843 0.131500 0.000000 0.000000 0.000000 1.000000
0.999208 0.019026 0.034941 0.000000 -0.003318 0.915029 -0.403375 10.181600 -0.039647 0.402940 0.914367 0.131500 0.000000 0.000000 0.000000 1.000000
0.999272 0.018491 0.033361 0.000000 -0.003460 0.914967 -0.403514 10.181600 -0.037985 0.403105 0.914365 0.131500 0.000000 0.000000 0.000000 1.000000
0.999307 0.019994 0.031396 -0.000000 -0.005752 0.916294 -0.400464 10.181600 -0.036775 0.400006 0.915774 0.131500 0.000000 0.000000 0.000000 1.000000
0.999246 0.021873 0.032082 0.000000 -0.007391 0.918280 -0.395862 10.181600 -0.038119 0.395326 0.917749 0.131500 0.000000 0.000000 0.000000 1.000000
0.999065 0.025280 0.035062 0.000000 -0.009514 0.919856 -0.392140 10.181600 -0.042165 0.391440 0.919237 0.131500 0.000000 0.000000 0.000000 1.000000
0.998880 0.028461 0.037794 -0.000000 -0.011592 0.921704 -0.387721 10.181600 -0.045870 0.386849 0.921002 0.131500 0.000000 0.000000 0.000000 1.000000
0.998766 0.029755 0.039773 0.000000 -0.012344 0.924285 -0.381502 10.181600 -0.048113 0.380540 0.923512 0.131500 0.000000 0.000000 0.000000 1.000000
0.998703 0.029814 0.041274 0.000000 -0.012261 0.927602 -0.373370 10.181600 -0.049418 0.372380 0.926764 0.131500 0.000000 0.000000 0.000000 1.000000
0.998725 0.028012 0.041992 0.000000 -0.010859 0.931646 -0.363205 10.181600 -0.049295 0.362286 0.930762 0.131500 0.000000 0.000000 0.000000 1.000000
0.998771 0.025513 0.042484 -0.000000 -0.008904 0.935725 -0.352619 10.181600 -0.048749 0.351807 0.934802 0.131500 0.000000 0.000000 0.000000 1.000000
0.998860 0.022738 0.041969 0.000000 -0.006908 0.938860 -0.344231 10.181600 -0.047230 0.343549 0.937946 0.131500 0.000000 0.000000 0.000000 1.000000
0.999012 0.018961 0.040203 -0.000000 -0.004164 0.940393 -0.340063 10.181600 -0.044255 0.339560 0.939543 0.131500 0.000000 0.000000 0.000000 1.000000
0.999134 0.016412 0.038240 0.000000 -0.002425 0.940341 -0.340224 10.181600 -0.041543 0.339836 0.939567 0.131500 0.000000 0.000000 0.000000 1.000000
0.999211 0.015267 0.036672 -0.000000 -0.001675 0.938568 -0.345090 10.181600 -0.039688 0.344756 0.937853 0.131500 0.000000 0.000000 0.000000 1.000000
0.999306 0.014685 0.034223 0.000000 -0.001618 0.935219 -0.354066 10.181600 -0.037205 0.353765 0.934594 0.131500 0.000000 0.000000 0.000000 1.000000</float_array><technique_common><accessor source="#mixamorig_Spine-Matrix-animation-output-transform-array" count="47" stride="16"><param type="float4x4"/></accessor></technique_common></source><source id="mixamorig_Spine-Interpolations"><Name_array id="mixamorig_Spine-Interpolations-array" count="47">
 LINEAR LINEAR LINEAR LINEAR LINEAR LINEAR LINEAR LINEAR LINEAR LINEAR LINEAR
LINEAR LINEAR LINEAR LINEAR LINEAR LINEAR LINEAR LINEAR LINEAR LINEAR LINEAR LINEAR
LINEAR LINEAR LINEAR LINEAR LINEAR LINEAR LINEAR LINEAR LINEAR LINEAR LINEAR LINEAR
LINEAR LINEAR LINEAR LINEAR LINEAR LINEAR LINEAR LINEAR LINEAR LINEAR LINEAR LINEAR</Name_array><technique_common><accessor source="#mixamorig_Spine-Interpolations-array" count="47"><param type="name"/></accessor></technique_common></source><sampler id="mixamorig_Spine-Matrix-animation-transform"><input semantic="INPUT" source="#mixamorig_Spine-Matrix-animation-input"/><input semantic="OUTPUT" source="#mixamorig_Spine-Matrix-animation-output-transform"/><input semantic="INTERPOLATION" source="#mixamorig_Spine-Interpolations"/></sampler><channel source="#mixamorig_Spine-Matrix-animation-transform" target="mixamorig_Spine/matrix"/></animation>
    <animation id="mixamorig_Spine1-anim" name="mixamorig_Spine1"><source id="mixamorig_Spine1-Matrix-animation-input"><float_array id="mixamorig_Spine1-Matrix-animation-input-array" count="47">

0.000000 0.033333 0.066667 0.100000 0.133333 0.166667 0.200000 0.233333 0.266667 0.300000 0.333333 0.366667 0.400000 0.433333 0.466667 0.500000
0.533333 0.566667 0.600000 0.633333 0.666667 0.700000 0.733333 0.766667 0.800000 0.833333 0.866667 0.900000 0.933333 0.966667 1.000000 1.033333
1.066667 1.100000 1.133333 1.166667 1.200000 1.233333 1.266667 1.300000 1.333333 1.366667 1.400000 1.433333 1.466667 1.500000 1.533333</float_array><technique_common><accessor source="#mixamorig_Spine1-Matrix-animation-input-array" count="47"><param name="TIME" type="float"/></accessor></technique_common></source><source id="mixamorig_Spine1-Matrix-animation-output-transform"><float_array id="mixamorig_Spine1-Matrix-animation-output-transform-array" count="752">

0.999889 0.003495 0.014484 0.000000 -0.002162 0.995847 -0.091015 10.083500 -0.014742 0.090974 0.995744 -1.000800 0.000000 0.000000 0.000000 1.000000
0.999894 0.003732 0.014101 0.000000 -0.002481 0.996141 -0.087736 10.083500 -0.014374 0.087691 0.996044 -1.000800 0.000000 0.000000 0.000000 1.000000
0.999922 0.003904 0.011822 0.000000 -0.002904 0.996509 -0.083430 10.083500 -0.012107 0.083389 0.996444 -1.000800 0.000000 0.000000 0.000000 1.000000
0.999965 0.003881 0.007354 0.000000 -0.003296 0.996947 -0.078012 10.083500 -0.007635 0.077985 0.996925 -1.000800 0.000000 0.000000 0.000000 1.000000
0.999991 0.004125 0.000819 0.000000 -0.004056 0.997429 -0.071544 10.083500 -0.001112 0.071540 0.997437 -1.000800 0.000000 0.000000 0.000000 1.000000
0.999968 0.004934 -0.006365 0.000000 -0.005333 0.997926 -0.064155 10.083500 0.006035 0.064187 0.997920 -1.000800 0.000000 0.000000 0.000000 1.000000
0.999901 0.005856 -0.012818 0.000000 -0.006571 0.998382 -0.056479 10.083500 0.012466 0.056558 0.998321 -1.000800 0.000000 0.000000 0.000000 1.000000
0.999842 0.006283 -0.016603 0.000000 -0.007098 0.998747 -0.049535 10.083500 0.016271 0.049645 0.998634 -1.000800 0.000000 0.000000 0.000000 1.000000
0.999827 0.006789 -0.017309 0.000000 -0.007555 0.998976 -0.044609 10.083500 0.016989 0.044732 0.998855 -1.000800 0.000000 0.000000 0.000000 1.000000
0.999825 0.008304 -0.016757 -0.000000 -0.008991 0.999103 -0.041371 10.083500 0.016399 0.041515 0.999003 -1.000800 0.000000 0.000000 0.000000 1.000000
0.999824 0.010682 -0.015453 0.000000 -0.011291 0.999141 -0.039874 10.083500 0.015014 0.040041 0.999085 -1.000800 0.000000 0.000000 0.000000 1.000000
0.999827 0.012782 -0.013490 0.000000 -0.013315 0.999102 -0.040223 10.083500 0.012964 0.040396 0.999100 -1.000800 0.000000 0.000000 0.000000 1.000000
0.999824 0.014142 -0.012342 -0.000000 -0.014645 0.999022 -0.041715 10.083500 0.011740 0.041888 0.999053 -1.000800 0.000000 0.000000 0.000000 1.000000
0.999813 0.015443 -0.011682 0.000000 -0.015949 0.998881 -0.044531 10.083500 0.010981 0.044709 0.998940 -1.000800 0.000000 0.000000 0.000000 1.000000
0.999800 0.017203 -0.010222 0.000000 -0.017678 0.998674 -0.048344 10.083500 0.009376 0.048515 0.998778 -1.000800 0.000000 0.000000 0.000000 1.000000
0.999784 0.019144 -0.008041 0.000000 -0.019537 0.998449 -0.052134 10.083500 0.007030 0.052280 0.998608 -1.000800 0.000000 0.000000 0.000000 1.000000
0.999774 0.020483 -0.005774 0.000000 -0.020772 0.998245 -0.055448 10.083500 0.004628 0.055556 0.998445 -1.000800 0.000000 0.000000 0.000000 1.000000
0.999762 0.021506 -0.003755 0.000000 -0.021690 0.998026 -0.058946 10.083500 0.002480 0.059013 0.998254 -1.000800 0.000000 0.000000 0.000000 1.000000
0.999747 0.022329 -0.002717 0.000000 -0.022456 0.997769 -0.062872 10.083500 0.001307 0.062917 0.998018 -1.000800 0.000000 0.000000 0.000000 1.000000
0.999746 0.022425 -0.002327 0.000000 -0.022531 0.997491 -0.067108 10.083500 0.000816 0.067143 0.997743 -1.000800 0.000000 0.000000 0.000000 1.000000
0.999762 0.021758 -0.001278 0.000000 -0.021794 0.997245 -0.070910 10.083500 -0.000268 0.070921 0.997482 -1.000800 0.000000 0.000000 0.000000 1.000000
0.999784 0.020779 0.000170 -0.000000 -0.020708 0.996995 -0.074645 10.083500 -0.001721 0.074625 0.997210 -1.000800 0.000000 0.000000 0.000000 1.000000
0.999799 0.019952 0.002080 -0.000000 -0.019726 0.996689 -0.078880 10.083500 -0.003647 0.078823 0.996882 -1.000800 0.000000 0.000000 0.000000 1.000000
0.999817 0.018767 0.003634 0.000000 -0.018397 0.996317 -0.083747 10.083500 -0.005192 0.083665 0.996480 -1.000800 0.000000 0.000000 0.000000 1.000000
0.999845 0.017044 0.004400 0.000000 -0.016587 0.995927 -0.088629 10.083500 -0.005893 0.088542 0.996055 -1.000800 0.000000 0.000000 0.000000 1.000000
0.999866 0.015510 0.005168 -0.000000 -0.014965 0.995597 -0.092539 10.083500 -0.006581 0.092449 0.995696 -1.000800 0.000000 0.000000 0.000000 1.000000
0.999887 0.013888 0.005833 0.000000 -0.013268 0.995348 -0.095426 10.083500 -0.007131 0.095338 0.995419 -1.000800 0.000000 0.000000 0.000000 1.000000
0.999902 0.012283 0.006691 -0.000000 -0.011577 0.995225 -0.096913 10.083500 -0.007849 0.096826 0.995270 -1.000800 0.000000 0.000000 0.000000 1.000000
0.999913 0.010576 0.007872 -0.000000 -0.009760 0.995206 -0.097309 10.083500 -0.008864 0.097224 0.995223 -1.000800 0.000000 0.000000 0.000000 1.000000
0.999917 0.008830 0.009349 0.000000 -0.007879 0.995226 -0.097277 10.083500 -0.010163 0.097196 0.995213 -1.000800 0.000000 0.000000 0.000000 1.000000
0.999916 0.007511 0.010606 0.000000 -0.006446 0.995253 -0.097104 10.083500 -0.011285 0.097028 0.995218 -1.000800 0.000000 0.000000 0.000000 1.000000
0.999917 0.006436 0.011130 0.000000 -0.005329 0.995292 -0.096777 10.083500 -0.011700 0.096710 0.995244 -1.000800 0.000000 0.000000 0.000000 1.000000
0.999922 0.005626 0.011137 -0.000000 -0.004524 0.995318 -0.096547 10.083500 -0.011628 0.096489 0.995266 -1.000800 0.000000 0.000000 0.000000 1.000000
0.999929 0.005376 0.010608 -0.000000 -0.004330 0.995341 -0.096319 10.083500 -0.011077 0.096266 0.995294 -1.000800 0.000000 0.000000 0.000000 1.000000
0.999934 0.005583 0.010060 0.000000 -0.004595 0.995401 -0.095687 10.083500 -0.010548 0.095634 0.995361 -1.000800 0.000000 0.000000 0.000000 1.000000
0.999927 0.006190 0.010421 0.000000 -0.005173 0.995473 -0.094907 10.083500 -0.010961 0.094846 0.995432 -1.000800 0.000000 0.000000 0.000000 1.000000
0.999906 0.007295 0.011612 0.000000 -0.006171 0.995544 -0.094094 10.083500 -0.012247 0.094014 0.995496 -1.000800 0.000000 0.000000 0.000000 1.000000
0.999884 0.008392 0.012737 -0.000000 -0.007175 0.995664 -0.092740 10.083500 -0.013460 0.092638 0.995609 -1.000800 0.000000 0.000000 0.000000 1.000000
0.999867 0.009059 0.013528 0.000000 -0.007792 0.995821 -0.090997 10.083500 -0.014295 0.090879 0.995759 -1.000800 0.000000 0.000000 0.000000 1.000000
0.999857 0.009379 0.014064 0.000000 -0.008089 0.995987 -0.089133 10.083500 -0.014844 0.089006 0.995920 -1.000800 0.000000 0.000000 0.000000 1.000000
0.999855 0.009308 0.014263 0.000000 -0.008037 0.996195 -0.086776 10.083500 -0.015016 0.086649 0.996126 -1.000800 0.000000 0.000000 0.000000 1.000000
0.999854 0.009204 0.014394 -0.000000 -0.007960 0.996417 -0.084198 10.083500 -0.015118 0.084072 0.996345 -1.000800 0.000000 0.000000 0.000000 1.000000
0.999858 0.009089 0.014217 -0.000000 -0.007891 0.996586 -0.082186 10.083500 -0.014916 0.082062 0.996516 -1.000800 0.000000 0.000000 0.000000 1.000000
0.999871 0.008534 0.013575 -0.000000 -0.007405 0.996677 -0.081120 10.083500 -0.014223 0.081009 0.996612 -1.000800 0.000000 0.000000 0.000000 1.000000
0.999886 0.007942 0.012867 0.000000 -0.006874 0.996687 -0.081043 10.083500 -0.013468 0.080945 0.996628 -1.000800 0.000000 0.000000 0.000000 1.000000
0.999896 0.007505 0.012318 0.000000 -0.006469 0.996602 -0.082110 10.083500 -0.012892 0.082022 0.996547 -1.000800 0.000000 0.000000 0.000000 1.000000
0.999908 0.007181 0.011526 0.000000 -0.006185 0.996427 -0.084227 10.083500 -0.012090 0.084148 0.996380 -1.000800 0.000000 0.000000 0.000000 1.000000</float_array><technique_common><accessor source="#mixamorig_Spine1-Matrix-animation-output-transform-array" count="47" stride="16"><param type="float4x4"/></accessor></technique_common></source><source id="mixamorig_Spine1-Interpolations"><Name_array id="mixamorig_Spine1-Interpolations-array" count="47">
 LINEAR LINEAR LINEAR LINEAR LINEAR LINEAR LINEAR LINEAR LINEAR LINEAR LINEAR
LINEAR LINEAR LINEAR LINEAR LINEAR LINEAR LINEAR LINEAR LINEAR LINEAR LINEAR LINEAR
LINEAR LINEAR LINEAR LINEAR LINEAR LINEAR LINEAR LINEAR LINEAR LINEAR LINEAR LINEAR
LINEAR LINEAR LINEAR LINEAR LINEAR LINEAR LINEAR LINEAR LINEAR LINEAR LINEAR LINEAR</Name_array><technique_common><accessor source="#mixamorig_Spine1-Interpolations-array" count="47"><param type="name"/></accessor></technique_common></source><sampler id="mixamorig_Spine1-Matrix-animation-transform"><input semantic="INPUT" source="#mixamorig_Spine1-Matrix-animation-input"/><input semantic="OUTPUT" source="#mixamorig_Spine1-Matrix-animation-output-transform"/><input semantic="INTERPOLATION" source="#mixamorig_Spine1-Interpolations"/></sampler><channel source="#mixamorig_Spine1-Matrix-animation-transform" target="mixamorig_Spine1/matrix"/></animation>
    <animation id="mixamorig_Spine2-anim" name="mixamorig_Spine2"><source id="mixamorig_Spine2-Matrix-animation-input"><float_array id="mixamorig_Spine2-Matrix-animation-input-array" count="47">

0.000000 0.033333 0.066667 0.100000 0.133333 0.166667 0.200000 0.233333 0.266667 0.300000 0.333333 0.366667 0.400000 0.433333 0.466667 0.500000
0.533333 0.566667 0.600000 0.633333 0.666667 0.700000 0.733333 0.766667 0.800000 0.833333 0.866667 0.900000 0.933333 0.966667 1.000000 1.033333
1.066667 1.100000 1.133333 1.166667 1.200000 1.233333 1.266667 1.300000 1.333333 1.366667 1.400000 1.433333 1.466667 1.500000 1.533333</float_array><technique_common><accessor source="#mixamorig_Spine2-Matrix-animation-input-array" count="47"><param name="TIME" type="float"/></accessor></technique_common></source><source id="mixamorig_Spine2-Matrix-animation-output-transform"><float_array id="mixamorig_Spine2-Matrix-animation-output-transform-array" count="752">

0.999887 0.003711 0.014545 0.000000 -0.002373 0.995847 -0.091008 9.100000 -0.014822 0.090964 0.995744 -1.373400 0.000000 0.000000 0.000000 1.000000
0.999892 0.003937 0.014154 0.000000 -0.002680 0.996141 -0.087728 9.100000 -0.014444 0.087681 0.996044 -1.373400 0.000000 0.000000 0.000000 1.000000
0.999921 0.004069 0.011863 -0.000000 -0.003065 0.996510 -0.083422 9.100000 -0.012161 0.083379 0.996444 -1.373400 0.000000 0.000000 0.000000 1.000000
0.999965 0.003983 0.007377 -0.000000 -0.003395 0.996947 -0.078007 9.100000 -0.007665 0.077979 0.996926 -1.373400 0.000000 0.000000 0.000000 1.000000
0.999991 0.004143 0.000822 0.000000 -0.004074 0.997429 -0.071542 9.100000 -0.001116 0.071538 0.997437 -1.373400 0.000000 0.000000 0.000000 1.000000
0.999968 0.004870 -0.006381 0.000000 -0.005270 0.997926 -0.064156 9.100000 0.006056 0.064188 0.997919 -1.373400 0.000000 0.000000 0.000000 1.000000
0.999901 0.005728 -0.012848 -0.000000 -0.006445 0.998383 -0.056484 9.100000 0.012504 0.056562 0.998321 -1.373400 0.000000 0.000000 0.000000 1.000000
0.999843 0.006124 -0.016639 0.000000 -0.006942 0.998748 -0.049543 9.100000 0.016315 0.049651 0.998633 -1.373400 0.000000 0.000000 0.000000 1.000000
0.999828 0.006629 -0.017344 0.000000 -0.007397 0.998977 -0.044621 9.100000 0.017031 0.044741 0.998853 -1.373400 0.000000 0.000000 0.000000 1.000000
0.999826 0.008156 -0.016790 -0.000000 -0.008845 0.999104 -0.041386 9.100000 0.016438 0.041528 0.999002 -1.373400 0.000000 0.000000 0.000000 1.000000
0.999825 0.010548 -0.015481 0.000000 -0.011158 0.999142 -0.039891 9.100000 0.015047 0.040057 0.999084 -1.373400 0.000000 0.000000 0.000000 1.000000
0.999829 0.012654 -0.013515 -0.000000 -0.013189 0.999103 -0.040239 9.100000 0.012994 0.040411 0.999099 -1.373400 0.000000 0.000000 0.000000 1.000000
0.999825 0.014017 -0.012365 0.000000 -0.014521 0.999023 -0.041730 9.100000 0.011768 0.041903 0.999052 -1.373400 0.000000 0.000000 0.000000 1.000000
0.999814 0.015319 -0.011703 0.000000 -0.015826 0.998882 -0.044547 9.100000 0.011007 0.044724 0.998939 -1.373400 0.000000 0.000000 0.000000 1.000000
0.999802 0.017086 -0.010240 -0.000000 -0.017562 0.998676 -0.048357 9.100000 0.009400 0.048527 0.998778 -1.373400 0.000000 0.000000 0.000000 1.000000
0.999786 0.019041 -0.008055 0.000000 -0.019436 0.998451 -0.052139 9.100000 0.007050 0.052284 0.998607 -1.373400 0.000000 0.000000 0.000000 1.000000
0.999775 0.020400 -0.005782 0.000000 -0.020690 0.998248 -0.055441 9.100000 0.004641 0.055548 0.998445 -1.373400 0.000000 0.000000 0.000000 1.000000
0.999763 0.021448 -0.003757 -0.000000 -0.021632 0.998028 -0.058926 9.100000 0.002486 0.058993 0.998255 -1.373400 0.000000 0.000000 0.000000 1.000000
0.999748 0.022290 -0.002712 0.000000 -0.022416 0.997772 -0.062843 9.100000 0.001305 0.062888 0.998020 -1.373400 0.000000 0.000000 0.000000 1.000000
0.999746 0.022399 -0.002318 -0.000000 -0.022504 0.997494 -0.067073 9.100000 0.000809 0.067108 0.997745 -1.373400 0.000000 0.000000 0.000000 1.000000
0.999763 0.021751 -0.001264 0.000000 -0.021786 0.997248 -0.070872 9.100000 -0.000281 0.070882 0.997485 -1.373400 0.000000 0.000000 0.000000 1.000000
0.999784 0.020795 0.000190 0.000000 -0.020723 0.996998 -0.074605 9.100000 -0.001740 0.074585 0.997213 -1.373400 0.000000 0.000000 0.000000 1.000000
0.999798 0.019999 0.002104 0.000000 -0.019771 0.996691 -0.078838 9.100000 -0.003674 0.078780 0.996885 -1.373400 0.000000 0.000000 0.000000 1.000000
0.999816 0.018839 0.003662 -0.000000 -0.018467 0.996320 -0.083701 9.100000 -0.005225 0.083618 0.996484 -1.373400 0.000000 0.000000 0.000000 1.000000
0.999844 0.017127 0.004429 -0.000000 -0.016668 0.995929 -0.088582 9.100000 -0.005928 0.088494 0.996059 -1.373400 0.000000 0.000000 0.000000 1.000000
0.999865 0.015607 0.005201 -0.000000 -0.015060 0.995599 -0.092496 9.100000 -0.006622 0.092405 0.995700 -1.373400 0.000000 0.000000 0.000000 1.000000
0.999885 0.013999 0.005869 0.000000 -0.013375 0.995350 -0.095390 9.100000 -0.007177 0.095300 0.995423 -1.373400 0.000000 0.000000 0.000000 1.000000
0.999900 0.012412 0.006729 -0.000000 -0.011702 0.995227 -0.096885 9.100000 -0.007900 0.096797 0.995273 -1.373400 0.000000 0.000000 0.000000 1.000000
0.999911 0.010726 0.007913 0.000000 -0.009905 0.995207 -0.097287 9.100000 -0.008919 0.097200 0.995225 -1.373400 0.000000 0.000000 0.000000 1.000000
0.999915 0.009004 0.009391 0.000000 -0.008049 0.995226 -0.097260 9.100000 -0.010222 0.097176 0.995215 -1.373400 0.000000 0.000000 0.000000 1.000000
0.999914 0.007707 0.010651 0.000000 -0.006637 0.995253 -0.097091 9.100000 -0.011349 0.097012 0.995218 -1.373400 0.000000 0.000000 0.000000 1.000000
0.999915 0.006641 0.011178 0.000000 -0.005528 0.995292 -0.096768 9.100000 -0.011768 0.096699 0.995244 -1.373400 0.000000 0.000000 0.000000 1.000000
0.999920 0.005828 0.011185 0.000000 -0.004722 0.995318 -0.096542 9.100000 -0.011695 0.096481 0.995266 -1.373400 0.000000 0.000000 0.000000 1.000000
0.999928 0.005567 0.010653 0.000000 -0.004515 0.995340 -0.096317 9.100000 -0.011140 0.096262 0.995294 -1.373400 0.000000 0.000000 0.000000 1.000000
0.999932 0.005761 0.010100 0.000000 -0.004768 0.995400 -0.095687 9.100000 -0.010605 0.095632 0.995360 -1.373400 0.000000 0.000000 0.000000 1.000000
0.999925 0.006369 0.010461 -0.000000 -0.005347 0.995472 -0.094907 9.100000 -0.011018 0.094844 0.995431 -1.373400 0.000000 0.000000 0.000000 1.000000
0.999904 0.007487 0.011656 -0.000000 -0.006357 0.995543 -0.094093 9.100000 -0.012309 0.094010 0.995495 -1.373400 0.000000 0.000000 0.000000 1.000000
0.999881 0.008593 0.012785 0.000000 -0.007371 0.995663 -0.092738 9.100000 -0.013527 0.092633 0.995608 -1.373400 0.000000 0.000000 0.000000 1.000000
0.999865 0.009265 0.013579 0.000000 -0.007992 0.995819 -0.090994 9.100000 -0.014366 0.090873 0.995759 -1.373400 0.000000 0.000000 0.000000 1.000000
0.999854 0.009585 0.014118 0.000000 -0.008290 0.995986 -0.089128 9.100000 -0.014915 0.088998 0.995920 -1.373400 0.000000 0.000000 0.000000 1.000000
0.999852 0.009511 0.014317 0.000000 -0.008233 0.996194 -0.086771 9.100000 -0.015088 0.086640 0.996125 -1.373400 0.000000 0.000000 0.000000 1.000000
0.999851 0.009403 0.014452 -0.000000 -0.008154 0.996416 -0.084192 9.100000 -0.015192 0.084062 0.996345 -1.373400 0.000000 0.000000 0.000000 1.000000
0.999855 0.009283 0.014278 0.000000 -0.008079 0.996585 -0.082179 9.100000 -0.014992 0.082052 0.996515 -1.373400 0.000000 0.000000 0.000000 1.000000
0.999869 0.008719 0.013637 0.000000 -0.007585 0.996676 -0.081114 9.100000 -0.014298 0.081000 0.996612 -1.373400 0.000000 0.000000 0.000000 1.000000
0.999883 0.008119 0.012927 0.000000 -0.007046 0.996686 -0.081037 9.100000 -0.013542 0.080937 0.996627 -1.373400 0.000000 0.000000 0.000000 1.000000
0.999894 0.007677 0.012377 0.000000 -0.006636 0.996602 -0.082105 9.100000 -0.012965 0.082014 0.996547 -1.373400 0.000000 0.000000 0.000000 1.000000
0.999906 0.007347 0.011583 0.000000 -0.006345 0.996427 -0.084222 9.100000 -0.012160 0.084141 0.996380 -1.373400 0.000000 0.000000 0.000000 1.000000</float_array><technique_common><accessor source="#mixamorig_Spine2-Matrix-animation-output-transform-array" count="47" stride="16"><param type="float4x4"/></accessor></technique_common></source><source id="mixamorig_Spine2-Interpolations"><Name_array id="mixamorig_Spine2-Interpolations-array" count="47">
 LINEAR LINEAR LINEAR LINEAR LINEAR LINEAR LINEAR LINEAR LINEAR LINEAR LINEAR
LINEAR LINEAR LINEAR LINEAR LINEAR LINEAR LINEAR LINEAR LINEAR LINEAR LINEAR LINEAR
LINEAR LINEAR LINEAR LINEAR LINEAR LINEAR LINEAR LINEAR LINEAR LINEAR LINEAR LINEAR
LINEAR LINEAR LINEAR LINEAR LINEAR LINEAR LINEAR LINEAR LINEAR LINEAR LINEAR LINEAR</Name_array><technique_common><accessor source="#mixamorig_Spine2-Interpolations-array" count="47"><param type="name"/></accessor></technique_common></source><sampler id="mixamorig_Spine2-Matrix-animation-transform"><input semantic="INPUT" source="#mixamorig_Spine2-Matrix-animation-input"/><input semantic="OUTPUT" source="#mixamorig_Spine2-Matrix-animation-output-transform"/><input semantic="INTERPOLATION" source="#mixamorig_Spine2-Interpolations"/></sampler><channel source="#mixamorig_Spine2-Matrix-animation-transform" target="mixamorig_Spine2/matrix"/></animation>
    <animation id="mixamorig_Neck-anim" name="mixamorig_Neck"><source id="mixamorig_Neck-Matrix-animation-input"><float_array id="mixamorig_Neck-Matrix-animation-input-array" count="47">

0.000000 0.033333 0.066667 0.100000 0.133333 0.166667 0.200000 0.233333 0.266667 0.300000 0.333333 0.366667 0.400000 0.433333 0.466667 0.500000
0.533333 0.566667 0.600000 0.633333 0.666667 0.700000 0.733333 0.766667 0.800000 0.833333 0.866667 0.900000 0.933333 0.966667 1.000000 1.033333
1.066667 1.100000 1.133333 1.166667 1.200000 1.233333 1.266667 1.300000 1.333333 1.366667 1.400000 1.433333 1.466667 1.500000 1.533333</float_array><technique_common><accessor source="#mixamorig_Neck-Matrix-animation-input-array" count="47"><param name="TIME" type="float"/></accessor></technique_common></source><source id="mixamorig_Neck-Matrix-animation-output-transform"><float_array id="mixamorig_Neck-Matrix-animation-output-transform-array" count="752">

0.996242 0.065751 0.056374 0.000000 -0.048478 0.962713 -0.266145 16.671700 -0.071772 0.262412 0.962283 -2.516200 0.000000 0.000000 0.000000 1.000000
0.995822 0.068489 0.060393 0.000000 -0.050219 0.963157 -0.264211 16.671700 -0.076263 0.260074 0.962572 -2.516200 0.000000 0.000000 0.000000 1.000000
0.995300 0.070503 0.066381 0.000000 -0.050670 0.963347 -0.263428 16.671700 -0.082520 0.258827 0.962392 -2.516200 0.000000 0.000000 0.000000 1.000000
0.994555 0.073050 0.074318 0.000000 -0.051204 0.963700 -0.262033 16.671700 -0.090762 0.256801 0.962193 -2.516200 0.000000 0.000000 0.000000 1.000000
0.993788 0.074795 0.082413 0.000000 -0.051172 0.964673 -0.258432 16.671700 -0.098831 0.252609 0.962508 -2.516200 0.000000 0.000000 0.000000 1.000000
0.993351 0.072500 0.089431 0.000000 -0.047785 0.966375 -0.252656 16.671700 -0.104741 0.246703 0.963414 -2.516200 0.000000 0.000000 0.000000 1.000000
0.992802 0.071757 0.095895 -0.000000 -0.046257 0.968257 -0.245638 16.671700 -0.110477 0.239434 0.964607 -2.516200 0.000000 0.000000 0.000000 1.000000
0.991741 0.078656 0.101308 0.000000 -0.052605 0.969836 -0.238013 16.671700 -0.116973 0.230718 0.965964 -2.516200 0.000000 0.000000 0.000000 1.000000
0.990246 0.091384 0.105176 0.000000 -0.065028 0.970733 -0.231189 16.671700 -0.123225 0.222094 0.967207 -2.516200 0.000000 0.000000 0.000000 1.000000
0.988834 0.103380 0.107327 0.000000 -0.076783 0.970724 -0.227597 16.671700 -0.127713 0.216815 0.967823 -2.516200 0.000000 0.000000 0.000000 1.000000
0.988177 0.109376 0.107437 0.000000 -0.082736 0.970392 -0.226925 16.671700 -0.129076 0.215353 0.967968 -2.516200 0.000000 0.000000 0.000000 1.000000
0.988284 0.109738 0.106076 0.000000 -0.083222 0.970054 -0.228187 16.671700 -0.127940 0.216686 0.967822 -2.516200 0.000000 0.000000 0.000000 1.000000
0.988568 0.108730 0.104457 0.000000 -0.082356 0.969707 -0.229969 16.671700 -0.126297 0.218738 0.967576 -2.516200 0.000000 0.000000 0.000000 1.000000
