<?xml version="1.0" encoding="utf-8"?>
<COLLADA xmlns="http://www.collada.org/2005/11/COLLADASchema" version="1.4.1">
  <asset><contributor><author>Mixamo</author><authoring_tool>COLLADA Mixamo exporter</authoring_tool><comments></comments></contributor><created>2019-01-22T20:45:45Z</created><modified>2019-01-22T20:45:45Z</modified><revision></revision><title></title><unit meter="0.010000"/><up_axis>Y_UP</up_axis></asset>
  <library_animations>
    <animation id="mixamorig_Hips-anim" name="mixamorig_Hips"><source id="mixamorig_Hips-Matrix-animation-input"><float_array id="mixamorig_Hips-Matrix-animation-input-array" count="42">

0.000000 0.033333 0.066667 0.100000 0.133333 0.166667 0.200000 0.233333 0.266667 0.300000 0.333333 0.366667 0.400000 0.433333 0.466667 0.500000
0.533333 0.566667 0.600000 0.633333 0.666667 0.700000 0.733333 0.766667 0.800000 0.833333 0.866667 0.900000 0.933333 0.966667 1.000000 1.033333
1.066667 1.100000 1.133333 1.166667 1.200000 1.233333 1.266667 1.300000 1.333333 1.366667</float_array><technique_common><accessor source="#mixamorig_Hips-Matrix-animation-input-array" count="42"><param name="TIME" type="float"/></accessor></technique_common></source><source id="mixamorig_Hips-Matrix-animation-output-transform"><float_array id="mixamorig_Hips-Matrix-animation-output-transform-array" count="672">

0.787125 0.172391 -0.592213 -1.187549 -0.109776 0.983973 0.140525 91.923836 0.606946 -0.045600 0.793433 10.947022 0.000000 0.000000 0.000000 1.000000
0.808576 0.155848 -0.567377 -1.041583 -0.099370 0.986602 0.129389 92.364929 0.579940 -0.048240 0.813229 11.616033 0.000000 0.000000 0.000000 1.000000
0.833383 0.130592 -0.537047 -0.814764 -0.079700 0.989924 0.117040 92.868027 0.546920 -0.054736 0.835394 12.397022 0.000000 0.000000 0.000000 1.000000
0.859077 0.096151 -0.502734 -0.520543 -0.049738 0.993231 0.104967 93.298447 0.509423 -0.065170 0.858045 13.255706 0.000000 0.000000 0.000000 1.000000
0.882718 0.057072 -0.466425 -0.163242 -0.013559 0.995277 0.096123 93.606873 0.469708 -0.078525 0.879323 14.136467 0.000000 0.000000 0.000000 1.000000
0.904035 0.019858 -0.426997 0.332623 0.022749 0.995270 0.094451 93.747856 0.426853 -0.095101 0.899307 15.023364 0.000000 0.000000 0.000000 1.000000
0.923231 -0.016802 -0.383878 0.996434 0.059725 0.993176 0.100168 93.671150 0.379576 -0.115405 0.917935 15.960085 0.000000 0.000000 0.000000 1.000000
0.938040 -0.055542 -0.342046 1.722312 0.099160 0.988819 0.111373 93.359024 0.332036 -0.138390 0.933060 16.895842 0.000000 0.000000 0.000000 1.000000
0.948300 -0.089792 -0.304408 2.403944 0.134344 0.982543 0.128690 92.778854 0.287539 -0.162932 0.943809 17.651497 0.000000 0.000000 0.000000 1.000000
0.955760 -0.113190 -0.271498 2.993778 0.157698 0.976316 0.148114 91.955154 0.248303 -0.184376 0.950974 18.113304 0.000000 0.000000 0.000000 1.000000
0.960899 -0.126761 -0.246181 3.493817 0.170191 0.971673 0.163969 91.060257 0.218423 -0.199455 0.955253 18.336460 0.000000 0.000000 0.000000 1.000000
0.962102 -0.134605 -0.237152 3.839816 0.179250 0.967564 0.178017 90.232536 0.205497 -0.213780 0.955023 18.389118 0.000000 0.000000 0.000000 1.000000
0.958326 -0.138397 -0.249914 4.032756 0.188018 0.964194 0.187026 89.482712 0.215082 -0.226220 0.950034 18.261599 0.000000 0.000000 0.000000 1.000000
0.951824 -0.134641 -0.275503 4.102254 0.190726 0.963457 0.188082 88.889099 0.240112 -0.231567 0.942721 18.007277 0.000000 0.000000 0.000000 1.000000
0.945758 -0.124742 -0.299970 4.077410 0.186461 0.964545 0.186777 88.556953 0.266035 -0.232578 0.935485 17.738022 0.000000 0.000000 0.000000 1.000000
0.939317 -0.110333 -0.324823 3.985413 0.176772 0.967151 0.182673 88.476608 0.293998 -0.229008 0.927966 17.409002 0.000000 0.000000 0.000000 1.000000
0.930085 -0.092196 -0.355588 3.846076 0.162327 0.971507 0.172696 88.662338 0.329534 -0.218343 0.918550 17.009001 0.000000 0.000000 0.000000 1.000000
0.918028 -0.073017 -0.389735 3.689635 0.145268 0.976495 0.159233 89.122238 0.368948 -0.202796 0.907057 16.614571 0.000000 0.000000 0.000000 1.000000
0.904676 -0.055136 -0.422519 3.536986 0.127525 0.981177 0.145012 89.805542 0.406570 -0.185070 0.894678 16.262070 0.000000 0.000000 0.000000 1.000000
0.889968 -0.037002 -0.454519 3.386574 0.107166 0.985760 0.129587 90.625336 0.443251 -0.164037 0.881260 15.938857 0.000000 0.000000 0.000000 1.000000
0.873739 -0.018238 -0.486053 3.242326 0.083880 0.989975 0.113638 91.478165 0.479108 -0.140060 0.866509 15.643357 0.000000 0.000000 0.000000 1.000000
0.856479 0.000605 -0.516181 3.109997 0.058888 0.993356 0.098874 92.254959 0.512811 -0.115080 0.850753 15.391231 0.000000 0.000000 0.000000 1.000000
0.838627 0.021139 -0.544295 3.011649 0.031216 0.995739 0.086769 92.863182 0.543810 -0.089758 0.834394 15.185859 0.000000 0.000000 0.000000 1.000000
0.820878 0.043631 -0.569435 2.943272 0.002132 0.996836 0.079452 93.255219 0.571100 -0.066435 0.818188 15.007323 0.000000 0.000000 0.000000 1.000000
0.803415 0.066164 -0.591732 2.877064 -0.023896 0.996589 0.078989 93.435883 0.594940 -0.049321 0.802256 14.854557 0.000000 0.000000 0.000000 1.000000
0.786074 0.088103 -0.611821 2.827879 -0.045433 0.995348 0.084958 93.374550 0.616460 -0.038986 0.786420 14.760791 0.000000 0.000000 0.000000 1.000000
0.769589 0.109381 -0.629102 2.824011 -0.062830 0.993410 0.095861 93.048882 0.635441 -0.034247 0.771389 14.719692 0.000000 0.000000 0.000000 1.000000
0.753137 0.129528 -0.644986 2.837412 -0.075555 0.990968 0.110785 92.506752 0.653510 -0.034705 0.756122 14.684077 0.000000 0.000000 0.000000 1.000000
0.735760 0.147025 -0.661091 2.843325 -0.082300 0.988327 0.128205 91.865852 0.672223 -0.039920 0.739272 14.623984 0.000000 0.000000 0.000000 1.000000
0.719642 0.160981 -0.675426 2.829551 -0.084388 0.985819 0.145048 91.295502 0.689198 -0.047385 0.723022 14.532618 0.000000 0.000000 0.000000 1.000000
0.707873 0.171748 -0.685141 2.761906 -0.085372 0.983681 0.158380 90.943665 0.701162 -0.053621 0.710983 14.387725 0.000000 0.000000 0.000000 1.000000
0.701304 0.177997 -0.690282 2.633973 -0.084304 0.982239 0.167630 90.911919 0.707860 -0.059366 0.703854 14.182959 0.000000 0.000000 0.000000 1.000000
0.699265 0.178692 -0.692169 2.459237 -0.081064 0.981830 0.171577 91.249947 0.710252 -0.063868 0.701044 13.949156 0.000000 0.000000 0.000000 1.000000
0.699917 0.175019 -0.692448 2.235532 -0.078867 0.982521 0.168618 91.888817 0.709856 -0.063407 0.701487 13.691341 0.000000 0.000000 0.000000 1.000000
0.702057 0.168811 -0.691823 1.989575 -0.077115 0.983805 0.161803 92.670479 0.707933 -0.060245 0.703706 13.422363 0.000000 0.000000 0.000000 1.000000
0.705270 0.161386 -0.690325 1.765317 -0.074714 0.985242 0.154001 93.413048 0.704991 -0.057035 0.706919 13.153221 0.000000 0.000000 0.000000 1.000000
0.709018 0.153781 -0.688218 1.579031 -0.072127 0.986629 0.146154 93.953453 0.701492 -0.053987 0.710630 12.840364 0.000000 0.000000 0.000000 1.000000
0.712146 0.147634 -0.686333 1.424315 -0.069826 0.987686 0.140004 94.222580 0.698551 -0.051780 0.713685 12.465998 0.000000 0.000000 0.000000 1.000000
0.714970 0.144746 -0.684008 1.304926 -0.068803 0.988152 0.137189 94.211853 0.695761 -0.051024 0.716458 12.063988 0.000000 0.000000 0.000000 1.000000
0.719053 0.144334 -0.679802 1.242795 -0.067850 0.988102 0.138023 93.924149 0.691635 -0.053121 0.720291 11.663874 0.000000 0.000000 0.000000 1.000000
0.723785 0.145668 -0.674474 1.236744 -0.066619 0.987649 0.141816 93.394516 0.686802 -0.057711 0.724550 11.281824 0.000000 0.000000 0.000000 1.000000
0.728301 0.149268 -0.668802 1.259951 -0.066559 0.986782 0.147756 92.728439 0.682017 -0.063096 0.728609 10.959435 0.000000 0.000000 0.000000 1.000000</float_array><technique_common><accessor source="#mixamorig_Hips-Matrix-animation-output-transform-array" count="42" stride="16"><param type="float4x4"/></accessor></technique_common></source><source id="mixamorig_Hips-Interpolations"><Name_array id="mixamorig_Hips-Interpolations-array" count="42">
 LINEAR LINEAR LINEAR LINEAR LINEAR LINEAR LINEAR LINEAR LINEAR LINEAR LINEAR
LINEAR LINEAR LINEAR LINEAR LINEAR LINEAR LINEAR LINEAR LINEAR LINEAR LINEAR LINEAR
LINEAR LINEAR LINEAR LINEAR LINEAR LINEAR LINEAR LINEAR LINEAR LINEAR LINEAR LINEAR
LINEAR LINEAR LINEAR LINEAR LINEAR LINEAR LINEAR</Name_array><technique_common><accessor source="#mixamorig_Hips-Interpolations-array" count="42"><param type="name"/></accessor></technique_common></source><sampler id="mixamorig_Hips-Matrix-animation-transform"><input semantic="INPUT" source="#mixamorig_Hips-Matrix-animation-input"/><input semantic="OUTPUT" source="#mixamorig_Hips-Matrix-animation-output-transform"/><input semantic="INTERPOLATION" source="#mixamorig_Hips-Interpolations"/></sampler><channel source="#mixamorig_Hips-Matrix-animation-transform" target="mixamorig_Hips/matrix"/></animation>
    <animation id="mixamorig_Spine-anim" name="mixamorig_Spine"><source id="mixamorig_Spine-Matrix-animation-input"><float_array id="mixamorig_Spine-Matrix-animation-input-array" count="42">

0.000000 0.033333 0.066667 0.100000 0.133333 0.166667 0.200000 0.233333 0.266667 0.300000 0.333333 0.366667 0.400000 0.433333 0.466667 0.500000
0.533333 0.566667 0.600000 0.633333 0.666667 0.700000 0.733333 0.766667 0.800000 0.833333 0.866667 0.900000 0.933333 0.966667 1.000000 1.033333
1.066667 1.100000 1.133333 1.166667 1.200000 1.233333 1.266667 1.300000 1.333333 1.366667</float_array><technique_common><accessor source="#mixamorig_Spine-Matrix-animation-input-array" count="42"><param name="TIME" type="float"/></accessor></technique_common></source><source id="mixamorig_Spine-Matrix-animation-output-transform"><float_array id="mixamorig_Spine-Matrix-animation-output-transform-array" count="672">

0.998441 0.000089 0.055826 0.000000 0.018224 0.944699 -0.327433 10.181600 -0.052768 0.327940 0.943224 0.131500 0.000000 0.000000 0.000000 1.000000
0.997555 -0.000891 0.069876 0.000000 0.023177 0.947541 -0.318794 10.181600 -0.065926 0.319634 0.945245 0.131500 0.000000 0.000000 0.000000 1.000000
0.995685 -0.003100 0.092743 0.000000 0.031679 0.950752 -0.308330 10.181600 -0.087220 0.309938 0.946748 0.131500 0.000000 0.000000 0.000000 1.000000
0.992548 -0.004824 0.121756 0.000000 0.040869 0.954518 -0.295341 10.181600 -0.114794 0.298116 0.947602 0.131500 0.000000 0.000000 0.000000 1.000000
0.987894 -0.007674 0.154938 0.000000 0.051508 0.958338 -0.280953 10.181600 -0.146327 0.285532 0.947132 0.131500 0.000000 0.000000 0.000000 1.000000
0.981470 -0.019582 0.190613 -0.000000 0.071090 0.960982 -0.267319 10.181600 -0.177941 0.275916 0.944567 0.131500 0.000000 0.000000 0.000000 1.000000
0.973547 -0.040592 0.224853 0.000000 0.098676 0.962284 -0.253520 10.181600 -0.206081 0.269002 0.940834 0.131500 0.000000 0.000000 0.000000 1.000000
0.963940 -0.063287 0.258486 0.000000 0.127352 0.962571 -0.239244 10.181600 -0.233670 0.263535 0.935921 0.131500 0.000000 0.000000 0.000000 1.000000
0.953791 -0.087909 0.287322 0.000000 0.157095 0.961034 -0.227454 10.181600 -0.256131 0.262081 0.930436 0.131500 0.000000 0.000000 0.000000 1.000000
0.947272 -0.113923 0.299494 0.000000 0.183947 0.958649 -0.217154 10.181600 -0.262371 0.260795 0.929057 0.131500 0.000000 0.000000 0.000000 1.000000
0.944873 -0.138875 0.296529 -0.000000 0.205420 0.956633 -0.206535 10.181600 -0.254986 0.256062 0.932424 0.131500 0.000000 0.000000 0.000000 1.000000
0.944511 -0.155449 0.289371 -0.000000 0.219650 0.953903 -0.204506 10.181600 -0.244241 0.256718 0.935116 0.131500 0.000000 0.000000 0.000000 1.000000
0.945616 -0.159451 0.283523 0.000000 0.224508 0.950651 -0.214148 10.181600 -0.235385 0.266155 0.934749 0.131500 0.000000 0.000000 0.000000 1.000000
0.948302 -0.158483 0.274966 -0.000000 0.224508 0.947364 -0.228248 10.181600 -0.224319 0.278180 0.933968 0.131500 0.000000 0.000000 0.000000 1.000000
0.952159 -0.157933 0.261631 0.000000 0.223235 0.944116 -0.242509 10.181600 -0.208710 0.289313 0.934205 0.131500 0.000000 0.000000 0.000000 1.000000
0.956365 -0.154782 0.247809 0.000000 0.218807 0.941483 -0.256386 10.181600 -0.193624 0.299421 0.934268 0.131500 0.000000 0.000000 0.000000 1.000000
0.960803 -0.146369 0.235443 -0.000000 0.209248 0.939979 -0.269547 10.181600 -0.181858 0.308247 0.933762 0.131500 0.000000 0.000000 0.000000 1.000000
0.966169 -0.132623 0.221197 0.000000 0.193581 0.939631 -0.282171 10.181600 -0.170421 0.315445 0.933516 0.131500 0.000000 0.000000 0.000000 1.000000
0.972943 -0.114213 0.200844 0.000000 0.171049 0.940432 -0.293819 10.181600 -0.155322 0.320223 0.934523 0.131500 0.000000 0.000000 0.000000 1.000000
0.979224 -0.094043 0.179654 0.000000 0.145874 0.942097 -0.301951 10.181600 -0.140855 0.321885 0.936243 0.131500 0.000000 0.000000 0.000000 1.000000
0.984309 -0.072811 0.160731 0.000000 0.119936 0.944199 -0.306764 10.181600 -0.129427 0.321228 0.938116 0.131500 0.000000 0.000000 0.000000 1.000000
0.988781 -0.050287 0.140657 -0.000000 0.092135 0.946490 -0.309303 10.181600 -0.117576 0.318793 0.940504 0.131500 0.000000 0.000000 0.000000 1.000000
0.992410 -0.030524 0.119123 0.000000 0.066385 0.948405 -0.310034 10.181600 -0.103514 0.315589 0.943233 0.131500 0.000000 0.000000 0.000000 1.000000
0.994944 -0.016113 0.099134 0.000000 0.046323 0.949410 -0.310602 10.181600 -0.089115 0.313624 0.945356 0.131500 0.000000 0.000000 0.000000 1.000000
0.996623 -0.003663 0.082026 0.000000 0.029274 0.949206 -0.313291 10.181600 -0.076712 0.314634 0.946108 0.131500 0.000000 0.000000 0.000000 1.000000
0.997715 0.007039 0.067196 0.000000 0.014726 0.947992 -0.317953 10.181600 -0.065939 0.318216 0.945722 0.131500 0.000000 0.000000 0.000000 1.000000
0.998371 0.014164 0.055277 -0.000000 0.004481 0.946253 -0.323395 10.181600 -0.056886 0.323116 0.944648 0.131500 0.000000 0.000000 0.000000 1.000000
0.998664 0.019114 0.048000 -0.000000 -0.002253 0.944274 -0.329152 10.181600 -0.051616 0.328604 0.943056 0.131500 0.000000 0.000000 0.000000 1.000000
0.998734 0.024912 0.043708 0.000000 -0.008814 0.942001 -0.335495 10.181600 -0.049531 0.334685 0.941028 0.131500 0.000000 0.000000 0.000000 1.000000
0.998718 0.030327 0.040527 0.000000 -0.014738 0.940179 -0.340363 10.181600 -0.048424 0.339330 0.939420 0.131500 0.000000 0.000000 0.000000 1.000000
0.998686 0.031470 0.040443 0.000000 -0.015773 0.939675 -0.341706 10.181600 -0.048757 0.340619 0.938936 0.131500 0.000000 0.000000 0.000000 1.000000
0.998697 0.031197 0.040378 0.000000 -0.015616 0.940225 -0.340196 10.181600 -0.048577 0.339122 0.939487 0.131500 0.000000 0.000000 0.000000 1.000000
0.998850 0.031044 0.036531 -0.000000 -0.017017 0.941988 -0.335215 10.181600 -0.044818 0.334208 0.941433 0.131500 0.000000 0.000000 0.000000 1.000000
0.999013 0.027826 0.034635 -0.000000 -0.015087 0.945722 -0.324626 10.181600 -0.041788 0.323783 0.945208 0.131500 0.000000 0.000000 0.000000 1.000000
0.999100 0.023074 0.035582 0.000000 -0.010858 0.950242 -0.311324 10.181600 -0.040995 0.310657 0.949638 0.131500 0.000000 0.000000 0.000000 1.000000
0.999188 0.018673 0.035698 0.000000 -0.007137 0.954129 -0.299311 10.181600 -0.039649 0.298813 0.953488 0.131500 0.000000 0.000000 0.000000 1.000000
0.999261 0.014973 0.035405 0.000000 -0.004065 0.957017 -0.290002 10.181600 -0.038226 0.289644 0.956371 0.131500 0.000000 0.000000 0.000000 1.000000
0.999283 0.012203 0.035845 0.000000 -0.001472 0.958454 -0.285243 10.181600 -0.037837 0.284986 0.957785 0.131500 0.000000 0.000000 0.000000 1.000000
0.999346 0.009497 0.034902 0.000000 0.000893 0.958139 -0.286301 10.181600 -0.036160 0.286144 0.957504 0.131500 0.000000 0.000000 0.000000 1.000000
0.999441 0.007029 0.032679 0.000000 0.002859 0.956077 -0.293101 10.181600 -0.033304 0.293031 0.955523 0.131500 0.000000 0.000000 0.000000 1.000000
0.999493 0.004925 0.031443 0.000000 0.004897 0.952393 -0.304835 10.181600 -0.031448 0.304835 0.951886 0.131500 0.000000 0.000000 0.000000 1.000000
0.999510 0.002684 0.031202 0.000000 0.007447 0.947372 -0.320049 10.181600 -0.030419 0.320124 0.946887 0.131500 0.000000 0.000000 0.000000 1.000000</float_array><technique_common><accessor source="#mixamorig_Spine-Matrix-animation-output-transform-array" count="42" stride="16"><param type="float4x4"/></accessor></technique_common></source><source id="mixamorig_Spine-Interpolations"><Name_array id="mixamorig_Spine-Interpolations-array" count="42">
 LINEAR LINEAR LINEAR LINEAR LINEAR LINEAR LINEAR LINEAR LINEAR LINEAR LINEAR
LINEAR LINEAR LINEAR LINEAR LINEAR LINEAR LINEAR LINEAR LINEAR LINEAR LINEAR LINEAR
LINEAR LINEAR LINEAR LINEAR LINEAR LINEAR LINEAR LINEAR LINEAR LINEAR LINEAR LINEAR
LINEAR LINEAR LINEAR LINEAR LINEAR LINEAR LINEAR</Name_array><technique_common><accessor source="#mixamorig_Spine-Interpolations-array" count="42"><param type="name"/></accessor></technique_common></source><sampler id="mixamorig_Spine-Matrix-animation-transform"><input semantic="INPUT" source="#mixamorig_Spine-Matrix-animation-input"/><input semantic="OUTPUT" source="#mixamorig_Spine-Matrix-animation-output-transform"/><input semantic="INTERPOLATION" source="#mixamorig_Spine-Interpolations"/></sampler><channel source="#mixamorig_Spine-Matrix-animation-transform" target="mixamorig_Spine/matrix"/></animation>
    <animation id="mixamorig_Spine1-anim" name="mixamorig_Spine1"><source id="mixamorig_Spine1-Matrix-animation-input"><float_array id="mixamorig_Spine1-Matrix-animation-input-array" count="42">

0.000000 0.033333 0.066667 0.100000 0.133333 0.166667 0.200000 0.233333 0.266667 0.300000 0.333333 0.366667 0.400000 0.433333 0.466667 0.500000
0.533333 0.566667 0.600000 0.633333 0.666667 0.700000 0.733333 0.766667 0.800000 0.833333 0.866667 0.900000 0.933333 0.966667 1.000000 1.033333
1.066667 1.100000 1.133333 1.166667 1.200000 1.233333 1.266667 1.300000 1.333333 1.366667</float_array><technique_common><accessor source="#mixamorig_Spine1-Matrix-animation-input-array" count="42"><param name="TIME" type="float"/></accessor></technique_common></source><source id="mixamorig_Spine1-Matrix-animation-output-transform"><float_array id="mixamorig_Spine1-Matrix-animation-output-transform-array" count="672">

0.999864 0.001589 0.016432 -0.000000 -0.000317 0.997023 -0.077103 10.083500 -0.016506 0.077087 0.996888 -1.000800 0.000000 0.000000 0.000000 1.000000
0.999787 0.000892 0.020623 0.000000 0.000656 0.997188 -0.074933 10.083500 -0.020632 0.074931 0.996975 -1.000800 0.000000 0.000000 0.000000 1.000000
0.999624 -0.000462 0.027429 -0.000000 0.002453 0.997359 -0.072582 10.083500 -0.027323 0.072622 0.996985 -1.000800 0.000000 0.000000 0.000000 1.000000
0.999346 -0.002059 0.036102 0.000000 0.004582 0.997540 -0.069954 10.083500 -0.035869 0.070074 0.996897 -1.000800 0.000000 0.000000 0.000000 1.000000
0.998934 -0.004482 0.045938 -0.000000 0.007553 0.997732 -0.066889 10.083500 -0.045534 0.067164 0.996702 -1.000800 0.000000 0.000000 0.000000 1.000000
0.998376 -0.009324 0.056199 0.000000 0.012887 0.997907 -0.063372 10.083500 -0.055490 0.063993 0.996406 -1.000800 0.000000 0.000000 0.000000 1.000000
0.997708 -0.016263 0.065688 0.000000 0.020169 0.998040 -0.059241 10.083500 -0.064596 0.060430 0.996080 -1.000800 0.000000 0.000000 0.000000 1.000000
0.996901 -0.024030 0.074910 0.000000 0.028236 0.998054 -0.055594 10.083500 -0.073428 0.057537 0.995639 -1.000800 0.000000 0.000000 0.000000 1.000000
0.996045 -0.032992 0.082498 0.000000 0.037411 0.997914 -0.052612 10.083500 -0.080590 0.055490 0.995202 -1.000800 0.000000 0.000000 0.000000 1.000000
0.995538 -0.041351 0.084813 0.000000 0.045602 0.997767 -0.048809 10.083500 -0.082605 0.052458 0.995201 -1.000800 0.000000 0.000000 0.000000 1.000000
0.995436 -0.047470 0.082789 0.000000 0.051325 0.997664 -0.045072 10.083500 -0.080456 0.049115 0.995547 -1.000800 0.000000 0.000000 0.000000 1.000000
0.995511 -0.050731 0.079899 0.000000 0.054380 0.997543 -0.044177 10.083500 -0.077461 0.048324 0.995824 -1.000800 0.000000 0.000000 0.000000 1.000000
0.995678 -0.050912 0.077671 0.000000 0.054611 0.997435 -0.046265 10.083500 -0.075117 0.050306 0.995905 -1.000800 0.000000 0.000000 0.000000 1.000000
0.995959 -0.049679 0.074819 0.000000 0.053477 0.997335 -0.049637 10.083500 -0.072153 0.053437 0.995961 -1.000800 0.000000 0.000000 0.000000 1.000000
0.996327 -0.048483 0.070582 -0.000000 0.052309 0.997202 -0.053401 10.083500 -0.067795 0.056897 0.996076 -1.000800 0.000000 0.000000 0.000000 1.000000
0.996693 -0.047062 0.066240 0.000000 0.050870 0.997075 -0.057037 10.083500 -0.063362 0.060218 0.996172 -1.000800 0.000000 0.000000 0.000000 1.000000
0.997032 -0.044995 0.062477 0.000000 0.048774 0.996986 -0.060336 10.083500 -0.059574 0.063204 0.996221 -1.000800 0.000000 0.000000 0.000000 1.000000
0.997410 -0.041924 0.058437 0.000000 0.045645 0.996914 -0.063870 10.083500 -0.055578 0.066372 0.996246 -1.000800 0.000000 0.000000 0.000000 1.000000
0.997914 -0.036899 0.052975 0.000000 0.040433 0.996916 -0.067265 10.083500 -0.050330 0.069267 0.996328 -1.000800 0.000000 0.000000 0.000000 1.000000
0.998392 -0.030870 0.047554 0.000000 0.034146 0.996985 -0.069684 10.083500 -0.045260 0.071195 0.996435 -1.000800 0.000000 0.000000 0.000000 1.000000
0.998774 -0.024566 0.042981 0.000000 0.027600 0.997060 -0.071484 10.083500 -0.041098 0.072582 0.996515 -1.000800 0.000000 0.000000 0.000000 1.000000
0.999114 -0.017810 0.038138 0.000000 0.020547 0.997147 -0.072631 10.083500 -0.036736 0.073350 0.996629 -1.000800 0.000000 0.000000 0.000000 1.000000
0.999397 -0.011438 0.032773 0.000000 0.013808 0.997234 -0.073038 10.083500 -0.031847 0.073447 0.996791 -1.000800 0.000000 0.000000 0.000000 1.000000
0.999598 -0.006297 0.027650 0.000000 0.008304 0.997290 -0.073101 10.083500 -0.027114 0.073301 0.996941 -1.000800 0.000000 0.000000 0.000000 1.000000
0.999727 -0.001913 0.023283 0.000000 0.003620 0.997289 -0.073494 10.083500 -0.023079 0.073558 0.997024 -1.000800 0.000000 0.000000 0.000000 1.000000
0.999808 0.001764 0.019519 0.000000 -0.000303 0.997212 -0.074620 10.083500 -0.019596 0.074600 0.997021 -1.000800 0.000000 0.000000 0.000000 1.000000
0.999853 0.004577 0.016518 0.000000 -0.003312 0.997118 -0.075789 10.083500 -0.016817 0.075723 0.996987 -1.000800 0.000000 0.000000 0.000000 1.000000
0.999871 0.006392 0.014753 0.000000 -0.005241 0.997035 -0.076768 10.083500 -0.015200 0.076681 0.996940 -1.000800 0.000000 0.000000 0.000000 1.000000
0.999871 0.008090 0.013890 -0.000000 -0.006980 0.996916 -0.078164 10.083500 -0.014480 0.078057 0.996844 -1.000800 0.000000 0.000000 0.000000 1.000000
0.999862 0.009791 0.013405 0.000000 -0.008700 0.996821 -0.079196 10.083500 -0.014137 0.079068 0.996769 -1.000800 0.000000 0.000000 0.000000 1.000000
0.999856 0.010139 0.013595 -0.000000 -0.009036 0.996844 -0.078868 10.083500 -0.014352 0.078734 0.996792 -1.000800 0.000000 0.000000 0.000000 1.000000
0.999854 0.010205 0.013689 0.000000 -0.009108 0.996914 -0.077969 10.083500 -0.014442 0.077833 0.996862 -1.000800 0.000000 0.000000 0.000000 1.000000
0.999862 0.010786 0.012662 0.000000 -0.009780 0.996982 -0.077010 10.083500 -0.013455 0.076876 0.996950 -1.000800 0.000000 0.000000 0.000000 1.000000
0.999870 0.010676 0.012050 0.000000 -0.009744 0.997142 -0.074916 10.083500 -0.012816 0.074789 0.997117 -1.000800 0.000000 0.000000 0.000000 1.000000
0.999873 0.010173 0.012227 0.000000 -0.009266 0.997359 -0.072040 10.083500 -0.012928 0.071917 0.997327 -1.000800 0.000000 0.000000 0.000000 1.000000
0.999878 0.009767 0.012165 0.000000 -0.008898 0.997540 -0.069530 10.083500 -0.012814 0.069413 0.997506 -1.000800 0.000000 0.000000 0.000000 1.000000
0.999886 0.009234 0.011951 0.000000 -0.008406 0.997677 -0.067600 10.083500 -0.012547 0.067492 0.997641 -1.000800 0.000000 0.000000 0.000000 1.000000
0.999894 0.008381 0.011906 0.000000 -0.007570 0.997746 -0.066676 10.083500 -0.012438 0.066579 0.997704 -1.000800 0.000000 0.000000 0.000000 1.000000
0.999908 0.007366 0.011423 -0.000000 -0.006583 0.997717 -0.067205 10.083500 -0.011892 0.067124 0.997674 -1.000800 0.000000 0.000000 0.000000 1.000000
0.999923 0.006412 0.010577 -0.000000 -0.005669 0.997611 -0.068855 10.083500 -0.010994 0.068790 0.997571 -1.000800 0.000000 0.000000 0.000000 1.000000
0.999935 0.005431 0.010037 0.000000 -0.004700 0.997432 -0.071461 10.083500 -0.010399 0.071409 0.997393 -1.000800 0.000000 0.000000 0.000000 1.000000
0.999942 0.004396 0.009790 -0.000000 -0.003650 0.997179 -0.074971 10.083500 -0.010092 0.074931 0.997138 -1.000800 0.000000 0.000000 0.000000 1.000000</float_array><technique_common><accessor source="#mixamorig_Spine1-Matrix-animation-output-transform-array" count="42" stride="16"><param type="float4x4"/></accessor></technique_common></source><source id="mixamorig_Spine1-Interpolations"><Name_array id="mixamorig_Spine1-Interpolations-array" count="42">
 LINEAR LINEAR LINEAR LINEAR LINEAR LINEAR LINEAR LINEAR LINEAR LINEAR LINEAR
LINEAR LINEAR LINEAR LINEAR LINEAR LINEAR LINEAR LINEAR LINEAR LINEAR LINEAR LINEAR
LINEAR LINEAR LINEAR LINEAR LINEAR LINEAR LINEAR LINEAR LINEAR LINEAR LINEAR LINEAR
LINEAR LINEAR LINEAR LINEAR LINEAR LINEAR LINEAR</Name_array><technique_common><accessor source="#mixamorig_Spine1-Interpolations-array" count="42"><param type="name"/></accessor></technique_common></source><sampler id="mixamorig_Spine1-Matrix-animation-transform"><input semantic="INPUT" source="#mixamorig_Spine1-Matrix-animation-input"/><input semantic="OUTPUT" source="#mixamorig_Spine1-Matrix-animation-output-transform"/><input semantic="INTERPOLATION" source="#mixamorig_Spine1-Interpolations"/></sampler><channel source="#mixamorig_Spine1-Matrix-animation-transform" target="mixamorig_Spine1/matrix"/></animation>
    <animation id="mixamorig_Spine2-anim" name="mixamorig_Spine2"><source id="mixamorig_Spine2-Matrix-animation-input"><float_array id="mixamorig_Spine2-Matrix-animation-input-array" count="42">

0.000000 0.033333 0.066667 0.100000 0.133333 0.166667 0.200000 0.233333 0.266667 0.300000 0.333333 0.366667 0.400000 0.433333 0.466667 0.500000
0.533333 0.566667 0.600000 0.633333 0.666667 0.700000 0.733333 0.766667 0.800000 0.833333 0.866667 0.900000 0.933333 0.966667 1.000000 1.033333
1.066667 1.100000 1.133333 1.166667 1.200000 1.233333 1.266667 1.300000 1.333333 1.366667</float_array><technique_common><accessor source="#mixamorig_Spine2-Matrix-animation-input-array" count="42"><param name="TIME" type="float"/></accessor></technique_common></source><source id="mixamorig_Spine2-Matrix-animation-output-transform"><float_array id="mixamorig_Spine2-Matrix-animation-output-transform-array" count="672">

0.999863 0.001769 0.016467 0.000000 -0.000494 0.997023 -0.077105 9.100000 -0.016555 0.077087 0.996887 -1.373400 0.000000 0.000000 0.000000 1.000000
0.999786 0.001127 0.020666 0.000000 0.000425 0.997188 -0.074937 9.100000 -0.020693 0.074929 0.996974 -1.373400 0.000000 0.000000 0.000000 1.000000
0.999622 -0.000138 0.027483 0.000000 0.002133 0.997360 -0.072587 9.100000 -0.027400 0.072618 0.996983 -1.373400 0.000000 0.000000 0.000000 1.000000
0.999344 -0.001628 0.036165 0.000000 0.004157 0.997541 -0.069963 9.100000 -0.035962 0.070067 0.996894 -1.373400 0.000000 0.000000 0.000000 1.000000
0.998933 -0.003941 0.046008 0.000000 0.007018 0.997734 -0.066915 9.100000 -0.045640 0.067167 0.996697 -1.373400 0.000000 0.000000 0.000000 1.000000
0.998378 -0.008679 0.056274 0.000000 0.012252 0.997910 -0.063452 9.100000 -0.055606 0.064039 0.996397 -1.373400 0.000000 0.000000 0.000000 1.000000
0.997714 -0.015537 0.065771 0.000000 0.019459 0.998044 -0.059413 9.100000 -0.064719 0.060557 0.996064 -1.373400 0.000000 0.000000 0.000000 1.000000
0.996913 -0.023227 0.074996 0.000000 0.027457 0.998060 -0.055877 9.100000 -0.073553 0.057764 0.995617 -1.373400 0.000000 0.000000 0.000000 1.000000
0.996066 -0.032117 0.082587 -0.000000 0.036574 0.997923 -0.053030 9.100000 -0.080712 0.055841 0.995172 -1.373400 0.000000 0.000000 0.000000 1.000000
0.995567 -0.040477 0.084901 0.000000 0.044774 0.997778 -0.049331 9.100000 -0.082716 0.052914 0.995167 -1.373400 0.000000 0.000000 0.000000 1.000000
0.995467 -0.046660 0.082874 0.000000 0.050563 0.997677 -0.045644 9.100000 -0.080552 0.049628 0.995514 -1.373400 0.000000 0.000000 0.000000 1.000000
0.995543 -0.049966 0.079986 0.000000 0.053663 0.997555 -0.044762 9.100000 -0.077554 0.048855 0.995790 -1.373400 0.000000 0.000000 0.000000 1.000000
0.995709 -0.050155 0.077766 0.000000 0.053900 0.997447 -0.046833 9.100000 -0.075218 0.050824 0.995871 -1.373400 0.000000 0.000000 0.000000 1.000000
0.995989 -0.048925 0.074920 0.000000 0.052765 0.997346 -0.050165 9.100000 -0.072266 0.053917 0.995927 -1.373400 0.000000 0.000000 0.000000 1.000000
0.996355 -0.047749 0.070681 0.000000 0.051612 0.997213 -0.053870 9.100000 -0.067912 0.057322 0.996043 -1.373400 0.000000 0.000000 0.000000 1.000000
0.996720 -0.046360 0.066330 0.000000 0.050199 0.997086 -0.057444 9.100000 -0.063474 0.060586 0.996143 -1.373400 0.000000 0.000000 0.000000 1.000000
0.997057 -0.044330 0.062552 0.000000 0.048135 0.996996 -0.060684 9.100000 -0.059673 0.063516 0.996195 -1.373400 0.000000 0.000000 0.000000 1.000000
0.997433 -0.041309 0.058491 0.000000 0.045050 0.996923 -0.064150 9.100000 -0.055661 0.066620 0.996225 -1.373400 0.000000 0.000000 0.000000 1.000000
0.997932 -0.036360 0.053009 0.000000 0.039907 0.996923 -0.067461 9.100000 -0.050393 0.069437 0.996313 -1.373400 0.000000 0.000000 0.000000 1.000000
0.998405 -0.030407 0.047574 0.000000 0.033691 0.996991 -0.069809 9.100000 -0.045308 0.071301 0.996425 -1.373400 0.000000 0.000000 0.000000 1.000000
0.998783 -0.024162 0.042993 -0.000000 0.027200 0.997065 -0.071559 9.100000 -0.041138 0.072641 0.996509 -1.373400 0.000000 0.000000 0.000000 1.000000
0.999120 -0.017463 0.038148 0.000000 0.020203 0.997152 -0.072667 9.100000 -0.036770 0.073373 0.996626 -1.373400 0.000000 0.000000 0.000000 1.000000
0.999400 -0.011148 0.032783 -0.000000 0.013520 0.997237 -0.073050 9.100000 -0.031878 0.073449 0.996789 -1.373400 0.000000 0.000000 0.000000 1.000000
0.999599 -0.006053 0.027663 0.000000 0.008062 0.997292 -0.073103 9.100000 -0.027146 0.073296 0.996941 -1.373400 0.000000 0.000000 0.000000 1.000000
0.999727 -0.001702 0.023301 0.000000 0.003411 0.997290 -0.073491 9.100000 -0.023113 0.073551 0.997024 -1.373400 0.000000 0.000000 0.000000 1.000000
0.999807 0.001952 0.019543 0.000000 -0.000489 0.997212 -0.074619 9.100000 -0.019635 0.074595 0.997021 -1.373400 0.000000 0.000000 0.000000 1.000000
0.999852 0.004753 0.016549 0.000000 -0.003486 0.997118 -0.075788 9.100000 -0.016862 0.075719 0.996987 -1.373400 0.000000 0.000000 0.000000 1.000000
0.999869 0.006568 0.014789 0.000000 -0.005414 0.997035 -0.076765 9.100000 -0.015250 0.076675 0.996940 -1.373400 0.000000 0.000000 0.000000 1.000000
0.999869 0.008272 0.013932 0.000000 -0.007159 0.996915 -0.078157 9.100000 -0.014535 0.078047 0.996844 -1.373400 0.000000 0.000000 0.000000 1.000000
0.999860 0.009979 0.013452 0.000000 -0.008883 0.996820 -0.079184 9.100000 -0.014199 0.079053 0.996769 -1.373400 0.000000 0.000000 0.000000 1.000000
0.999853 0.010335 0.013646 -0.000000 -0.009227 0.996844 -0.078853 9.100000 -0.014418 0.078715 0.996793 -1.373400 0.000000 0.000000 0.000000 1.000000
0.999851 0.010401 0.013743 0.000000 -0.009299 0.996914 -0.077951 9.100000 -0.014511 0.077811 0.996862 -1.373400 0.000000 0.000000 0.000000 1.000000
0.999859 0.010962 0.012716 0.000000 -0.009951 0.996982 -0.076992 9.100000 -0.013521 0.076854 0.996951 -1.373400 0.000000 0.000000 0.000000 1.000000
0.999868 0.010834 0.012102 0.000000 -0.009898 0.997142 -0.074900 9.100000 -0.012879 0.074770 0.997118 -1.373400 0.000000 0.000000 0.000000 1.000000
0.999871 0.010326 0.012281 0.000000 -0.009415 0.997358 -0.072024 9.100000 -0.012992 0.071899 0.997327 -1.373400 0.000000 0.000000 0.000000 1.000000
0.999876 0.009913 0.012221 -0.000000 -0.009040 0.997540 -0.069516 9.100000 -0.012880 0.069397 0.997506 -1.373400 0.000000 0.000000 0.000000 1.000000
0.999884 0.009373 0.012006 0.000000 -0.008541 0.997677 -0.067588 9.100000 -0.012612 0.067477 0.997641 -1.373400 0.000000 0.000000 0.000000 1.000000
0.999892 0.008518 0.011959 -0.000000 -0.007703 0.997746 -0.066665 9.100000 -0.012500 0.066566 0.997704 -1.373400 0.000000 0.000000 0.000000 1.000000
0.999906 0.007498 0.011473 -0.000000 -0.006710 0.997717 -0.067195 9.100000 -0.011951 0.067112 0.997674 -1.373400 0.000000 0.000000 0.000000 1.000000
0.999922 0.006535 0.010625 0.000000 -0.005789 0.997610 -0.068847 9.100000 -0.011049 0.068780 0.997571 -1.373400 0.000000 0.000000 0.000000 1.000000
0.999934 0.005552 0.010082 0.000000 -0.004817 0.997432 -0.071455 9.100000 -0.010453 0.071402 0.997393 -1.373400 0.000000 0.000000 0.000000 1.000000
0.999941 0.004519 0.009833 0.000000 -0.003769 0.997179 -0.074968 9.100000 -0.010144 0.074926 0.997137 -1.373400 0.000000 0.000000 0.000000 1.000000</float_array><technique_common><accessor source="#mixamorig_Spine2-Matrix-animation-output-transform-array" count="42" stride="16"><param type="float4x4"/></accessor></technique_common></source><source id="mixamorig_Spine2-Interpolations"><Name_array id="mixamorig_Spine2-Interpolations-array" count="42">
 LINEAR LINEAR LINEAR LINEAR LINEAR LINEAR LINEAR LINEAR LINEAR LINEAR LINEAR
LINEAR LINEAR LINEAR LINEAR LINEAR LINEAR LINEAR LINEAR LINEAR LINEAR LINEAR LINEAR
LINEAR LINEAR LINEAR LINEAR LINEAR LINEAR LINEAR LINEAR LINEAR LINEAR LINEAR LINEAR
LINEAR LINEAR LINEAR LINEAR LINEAR LINEAR LINEAR</Name_array><technique_common><accessor source="#mixamorig_Spine2-Interpolations-array" count="42"><param type="name"/></accessor></technique_common></source><sampler id="mixamorig_Spine2-Matrix-animation-transform"><input semantic="INPUT" source="#mixamorig_Spine2-Matrix-animation-input"/><input semantic="OUTPUT" source="#mixamorig_Spine2-Matrix-animation-output-transform"/><input semantic="INTERPOLATION" source="#mixamorig_Spine2-Interpolations"/></sampler><channel source="#mixamorig_Spine2-Matrix-animation-transform" target="mixamorig_Spine2/matrix"/></animation>
    <animation id="mixamorig_Neck-anim" name="mixamorig_Neck"><source id="mixamorig_Neck-Matrix-animation-input"><float_array id="mixamorig_Neck-Matrix-animation-input-array" count="42">

0.000000 0.033333 0.066667 0.100000 0.133333 0.166667 0.200000 0.233333 0.266667 0.300000 0.333333 0.366667 0.400000 0.433333 0.466667 0.500000
0.533333 0.566667 0.600000 0.633333 0.666667 0.700000 0.733333 0.766667 0.800000 0.833333 0.866667 0.900000 0.933333 0.966667 1.000000 1.033333
1.066667 1.100000 1.133333 1.166667 1.200000 1.233333 1.266667 1.300000 1.333333 1.366667</float_array><technique_common><accessor source="#mixamorig_Neck-Matrix-animation-input-array" count="42"><param name="TIME" type="float"/></accessor></technique_common></source><source id="mixamorig_Neck-Matrix-animation-output-transform"><float_array id="mixamorig_Neck-Matrix-animation-output-transform-array" count="672">

0.997697 0.019526 0.064960 0.000000 -0.003157 0.970001 -0.243081 16.671700 -0.067758 0.242316 0.967829 -2.516200 0.000000 0.000000 0.000000 1.000000
0.998176 0.015137 0.058446 0.000000 -0.000445 0.969879 -0.243588 16.671700 -0.060373 0.243118 0.968116 -2.516200 0.000000 0.000000 0.000000 1.000000
0.998735 0.011592 0.048921 0.000000 0.000708 0.969717 -0.244232 16.671700 -0.050271 0.243958 0.968482 -2.516200 0.000000 0.000000 0.000000 1.000000
0.999310 0.005552 0.036721 0.000000 0.003603 0.969606 -0.244646 16.671700 -0.036964 0.244610 0.968917 -2.516200 0.000000 0.000000 0.000000 1.000000
0.999750 -0.006434 0.021397 -0.000000 0.011461 0.969728 -0.243917 16.671700 -0.019179 0.244102 0.969560 -2.516200 0.000000 0.000000 0.000000 1.000000
0.999758 -0.021993 0.001005 0.000000 0.021580 0.969917 -0.242475 16.671700 0.004357 0.242438 0.970157 -2.516200 0.000000 0.000000 0.000000 1.000000
0.998975 -0.038624 -0.023592 -0.000000 0.031743 0.969485 -0.243086 16.671700 0.032261 0.242088 0.969718 -2.516200 0.000000 0.000000 0.000000 1.000000
0.996894 -0.061434 -0.049272 0.000000 0.047785 0.969193 -0.241623 16.671700 0.062598 0.238519 0.969118 -2.516200 0.000000 0.000000 0.000000 1.000000
0.993927 -0.084641 -0.070315 0.000000 0.065976 0.969803 -0.234798 16.671700 0.088066 0.228733 0.969498 -2.516200 0.000000 0.000000 0.000000 1.000000
0.991613 -0.099869 -0.082035 0.000000 0.078728 0.970141 -0.229411 16.671700 0.102497 0.221028 0.969866 -2.516200 0.000000 0.000000 0.000000 1.000000
0.990451 -0.108029 -0.085657 0.000000 0.085805 0.969321 -0.230333 16.671700 0.107912 0.220784 0.969335 -2.516200 0.000000 0.000000 0.000000 1.000000
0.990298 -0.110668 -0.084040 0.000000 0.088293 0.968111 -0.234446 16.671700 0.107306 0.224751 0.968490 -2.516200 0.000000 0.000000 0.000000 1.000000
0.990823 -0.108855 -0.080131 0.000000 0.086942 0.967166 -0.238810 16.671700 0.103496 0.229651 0.967755 -2.516200 0.000000 0.000000 0.000000 1.000000
0.992019 -0.101715 -0.074517 0.000000 0.080927 0.966813 -0.242329 16.671700 0.096693 0.234364 0.967328 -2.516200 0.000000 0.000000 0.000000 1.000000
0.993442 -0.092010 -0.067876 -0.000000 0.072721 0.966565 -0.245895 16.671700 0.088231 0.239346 0.966917 -2.516200 0.000000 0.000000 0.000000 1.000000
0.994734 -0.082420 -0.060924 0.000000 0.064741 0.966100 -0.249921 16.671700 0.079457 0.244660 0.966348 -2.516200 0.000000 0.000000 0.000000 1.000000
0.995991 -0.071634 -0.053583 -0.000000 0.055825 0.965744 -0.253421 16.671700 0.069901 0.249414 0.965871 -2.516200 0.000000 0.000000 0.000000 1.000000
0.997409 -0.056618 -0.044390 -0.000000 0.043446 0.965794 -0.255646 16.671700 0.057345 0.253055 0.965751 -2.516200 0.000000 0.000000 0.000000 1.000000
0.998719 -0.038990 -0.032241 0.000000 0.029404 0.965899 -0.257243 16.671700 0.041172 0.255965 0.965809 -2.516200 0.000000 0.000000 0.000000 1.000000
0.999581 -0.022212 -0.018533 0.000000 0.016700 0.966193 -0.257277 16.671700 0.023621 0.256860 0.966160 -2.516200 0.000000 0.000000 0.000000 1.000000
0.999964 -0.007441 -0.004151 0.000000 0.006142 0.967144 -0.254156 16.671700 0.005906 0.254121 0.967154 -2.516200 0.000000 0.000000 0.000000 1.000000
0.999931 0.004605 0.010821 0.000000 -0.001773 0.968659 -0.248388 16.671700 -0.011626 0.248352 0.968600 -2.516200 0.000000 0.000000 0.000000 1.000000
0.999556 0.015128 0.025653 -0.000000 -0.008506 0.970513 -0.240898 16.671700 -0.028541 0.240573 0.970211 -2.516200 0.000000 0.000000 0.000000 1.000000
0.998901 0.025951 0.039039 -0.000000 -0.016136 0.972239 -0.233434 16.671700 -0.044013 0.232547 0.971589 -2.516200 0.000000 0.000000 0.000000 1.000000
0.998053 0.036551 0.050548 0.000000 -0.024144 0.973537 -0.227250 16.671700 -0.057517 0.225587 0.972524 -2.516200 0.000000 0.000000 0.000000 1.000000
0.997081 0.046644 0.060444 -0.000000 -0.032192 0.974711 -0.221139 16.671700 -0.069231 0.218548 0.973367 -2.516200 0.000000 0.000000 0.000000 1.000000
0.996242 0.053649 0.067991 0.000000 -0.037730 0.975472 -0.216866 16.671700 -0.077958 0.213485 0.973831 -2.516200 0.000000 0.000000 0.000000 1.000000
0.995658 0.057719 0.073032 0.000000 -0.040832 0.975856 -0.214566 16.671700 -0.083653 0.210652 0.973975 -2.516200 0.000000 0.000000 0.000000 1.000000
0.995295 0.059953 0.076110 0.000000 -0.042644 0.976445 -0.211510 16.671700 -0.086997 0.207270 0.974408 -2.516200 0.000000 0.000000 0.000000 1.000000
0.995126 0.060830 0.077619 -0.000000 -0.043347 0.976788 -0.209777 16.671700 -0.088578 0.205390 0.974663 -2.516200 0.000000 0.000000 0.000000 1.000000
0.995052 0.062232 0.077448 0.000000 -0.044507 0.976141 -0.212528 16.671700 -0.088826 0.208030 0.974081 -2.516200 0.000000 0.000000 0.000000 1.000000
0.995020 0.063878 0.076518 0.000000 -0.045936 0.975152 -0.216722 16.671700 -0.088460 0.212128 0.973230 -2.516200 0.000000 0.000000 0.000000 1.000000
0.994869 0.066509 0.076242 0.000000 -0.048308 0.974386 -0.219633 16.671700 -0.088897 0.214823 0.972599 -2.516200 0.000000 0.000000 0.000000 1.000000
0.994687 0.069894 0.075582 0.000000 -0.051367 0.973239 -0.223982 16.671700 -0.089214 0.218910 0.971658 -2.516200 0.000000 0.000000 0.000000 1.000000
0.994661 0.071874 0.074045 0.000000 -0.053052 0.971628 -0.230488 16.671700 -0.088510 0.225329 0.970254 -2.516200 0.000000 0.000000 0.000000 1.000000
0.994661 0.073229 0.072713 -0.000000 -0.054149 0.970164 -0.236327 16.671700 -0.087850 0.231128 0.968949 -2.516200 0.000000 0.000000 0.000000 1.000000
