<?xml version="1.0" encoding="utf-8"?>
<COLLADA xmlns="http://www.collada.org/2005/11/COLLADASchema" version="1.4.1">
  <asset><contributor><author>Mixamo</author><authoring_tool>COLLADA Mixamo exporter</authoring_tool><comments></comments></contributor><created>2019-01-22T20:30:38Z</created><modified>2019-01-22T20:30:38Z</modified><revision></revision><title></title><unit meter="0.010000"/><up_axis>Y_UP</up_axis></asset>
  <library_animations>
    <animation id="mixamorig_Hips-anim" name="mixamorig_Hips"><source id="mixamorig_Hips-Matrix-animation-input"><float_array id="mixamorig_Hips-Matrix-animation-input-array" count="54">

0.000000 0.033333 0.066667 0.100000 0.133333 0.166667 0.200000 0.233333 0.266667 0.300000 0.333333 0.366667 0.400000 0.433333 0.466667 0.500000
0.533333 0.566667 0.600000 0.633333 0.666667 0.700000 0.733333 0.766667 0.800000 0.833333 0.866667 0.900000 0.933333 0.966667 1.000000 1.033333
1.066667 1.100000 1.133333 1.166667 1.200000 1.233333 1.266667 1.300000 1.333333 1.366667 1.400000 1.433333 1.466667 1.500000 1.533333 1.566667
1.600000 1.633333 1.666667 1.700000 1.733333 1.766667</float_array><technique_common><accessor source="#mixamorig_Hips-Matrix-animation-input-array" count="54"><param name="TIME" type="float"/></accessor></technique_common></source><source id="mixamorig_Hips-Matrix-animation-output-transform"><float_array id="mixamorig_Hips-Matrix-animation-output-transform-array" count="864">

0.833753 -0.011018 -0.552028 -1.322745 0.057446 0.996106 0.066882 92.489975 0.549142 -0.087475 0.831139 1.650387 0.000000 0.000000 0.000000 1.000000
0.832705 -0.009217 -0.553639 -1.270741 0.059428 0.995574 0.072808 92.013695 0.550518 -0.093529 0.829568 2.487651 0.000000 0.000000 0.000000 1.000000
0.830334 -0.003811 -0.557253 -1.260710 0.059424 0.994880 0.081741 91.441872 0.554088 -0.100987 0.826310 3.270182 0.000000 0.000000 0.000000 1.000000
0.825692 0.005729 -0.564093 -1.298559 0.057556 0.993875 0.094342 90.748077 0.561178 -0.110365 0.820304 4.091400 0.000000 0.000000 0.000000 1.000000
0.819046 0.015691 -0.573513 -1.367358 0.056918 0.992472 0.108439 89.942711 0.570898 -0.121460 0.811987 5.057423 0.000000 0.000000 0.000000 1.000000
0.810638 0.022137 -0.585129 -1.407061 0.060018 0.990881 0.120637 89.082603 0.582464 -0.132911 0.801917 6.426161 0.000000 0.000000 0.000000 1.000000
0.799558 0.024729 -0.600079 -1.411865 0.065761 0.989540 0.128400 88.192902 0.596977 -0.142125 0.789569 8.337973 0.000000 0.000000 0.000000 1.000000
0.785341 0.024292 -0.618587 -1.392808 0.070841 0.989139 0.128783 87.345650 0.614997 -0.144960 0.775090 10.825380 0.000000 0.000000 0.000000 1.000000
0.768386 0.019798 -0.639680 -1.334857 0.071140 0.990685 0.116115 86.720200 0.636020 -0.134728 0.759820 13.800023 0.000000 0.000000 0.000000 1.000000
0.750968 0.010047 -0.660262 -1.164941 0.061035 0.994548 0.084554 86.431404 0.657511 -0.103797 0.746261 17.115744 0.000000 0.000000 0.000000 1.000000
0.740285 -0.002223 -0.672290 -0.755859 0.037377 0.998584 0.037856 86.370857 0.671253 -0.053152 0.739320 20.717007 0.000000 0.000000 0.000000 1.000000
0.741134 -0.009367 -0.671292 -0.018823 0.001872 0.999928 -0.011885 86.264137 0.671355 0.007552 0.741098 24.593292 0.000000 0.000000 0.000000 1.000000
0.748211 -0.005299 -0.663440 0.996359 -0.038526 0.997934 -0.051420 85.792084 0.662341 0.064033 0.746461 28.566418 0.000000 0.000000 0.000000 1.000000
0.753359 0.004555 -0.657594 2.151484 -0.068978 0.995007 -0.072131 84.916946 0.653982 0.099700 0.749911 32.397240 0.000000 0.000000 0.000000 1.000000
0.757173 0.010571 -0.653129 3.300692 -0.078105 0.994161 -0.074456 83.913185 0.648528 0.107389 0.753577 35.854706 0.000000 0.000000 0.000000 1.000000
0.765740 0.011291 -0.643051 4.215313 -0.076013 0.994427 -0.073054 83.349281 0.638642 0.104821 0.762331 38.649834 0.000000 0.000000 0.000000 1.000000
0.780291 0.014178 -0.625256 4.854014 -0.083808 0.993097 -0.082070 83.467422 0.619776 0.116440 0.776092 40.882915 0.000000 0.000000 0.000000 1.000000
0.796486 0.016291 -0.604438 5.366629 -0.098837 0.989700 -0.103566 83.986671 0.596525 0.142230 0.789892 42.610928 0.000000 0.000000 0.000000 1.000000
0.808584 0.012500 -0.588248 5.807439 -0.105007 0.986789 -0.123371 84.482475 0.578935 0.161526 0.799215 43.781132 0.000000 0.000000 0.000000 1.000000
0.812323 0.009493 -0.583131 6.159596 -0.103461 0.986354 -0.128067 84.807846 0.573958 0.164363 0.802220 44.443138 0.000000 0.000000 0.000000 1.000000
0.808202 0.013979 -0.588740 6.407462 -0.101506 0.988063 -0.115883 84.893936 0.580092 0.153417 0.799973 44.602402 0.000000 0.000000 0.000000 1.000000
0.799519 0.024755 -0.600131 6.556256 -0.100504 0.990577 -0.093035 84.843246 0.592173 0.134699 0.794473 44.355682 0.000000 0.000000 0.000000 1.000000
0.787165 0.036915 -0.615637 6.589078 -0.096678 0.993252 -0.064057 84.759079 0.609118 0.109942 0.785422 43.731804 0.000000 0.000000 0.000000 1.000000
0.772722 0.046937 -0.633007 6.473074 -0.086183 0.995785 -0.031367 84.639008 0.628867 0.078792 0.773510 42.644924 0.000000 0.000000 0.000000 1.000000
0.758764 0.053132 -0.649195 6.171874 -0.067403 0.997722 0.002877 84.544563 0.647868 0.041574 0.760617 41.007996 0.000000 0.000000 0.000000 1.000000
0.748279 0.052877 -0.661273 5.639996 -0.041945 0.998595 0.032386 84.703835 0.662057 0.003503 0.749446 38.732956 0.000000 0.000000 0.000000 1.000000
0.744113 0.046541 -0.666431 4.800807 -0.016409 0.998543 0.051412 85.271446 0.667853 -0.027320 0.743792 35.786884 0.000000 0.000000 0.000000 1.000000
0.748857 0.034385 -0.661839 3.711820 0.005016 0.998330 0.057543 86.126526 0.662713 -0.046411 0.747434 32.302845 0.000000 0.000000 0.000000 1.000000
0.760763 0.016088 -0.648830 2.678429 0.024092 0.998304 0.053001 87.086197 0.648582 -0.055952 0.759085 28.556952 0.000000 0.000000 0.000000 1.000000
0.773629 -0.001257 -0.633638 1.965478 0.038473 0.998246 0.044992 88.176193 0.632470 -0.059185 0.772321 25.013144 0.000000 0.000000 0.000000 1.000000
0.781700 -0.008757 -0.623593 1.487737 0.042798 0.998297 0.039630 89.849197 0.622184 -0.057667 0.780744 21.753891 0.000000 0.000000 0.000000 1.000000
0.785721 -0.007252 -0.618539 1.208577 0.037177 0.998677 0.035516 91.981873 0.617463 -0.050901 0.784951 19.016584 0.000000 0.000000 0.000000 1.000000
0.783369 -0.002879 -0.621550 1.093473 0.025193 0.999315 0.027123 94.039894 0.621046 -0.036906 0.782904 16.915348 0.000000 0.000000 0.000000 1.000000
0.769491 -0.002520 -0.638652 1.077439 0.012813 0.999852 0.011492 95.547798 0.638529 -0.017026 0.769410 15.282475 0.000000 0.000000 0.000000 1.000000
0.748059 -0.003478 -0.663623 1.130044 0.001649 0.999993 -0.003382 96.181931 0.663630 0.001436 0.748060 14.093360 0.000000 0.000000 0.000000 1.000000
0.731840 0.000652 -0.681476 1.252676 -0.009252 0.999917 -0.008979 96.013504 0.681413 0.012876 0.731785 13.304620 0.000000 0.000000 0.000000 1.000000
0.731822 0.006287 -0.681467 1.371754 -0.013395 0.999897 -0.005160 95.152008 0.681364 0.012905 0.731831 12.515411 0.000000 0.000000 0.000000 1.000000
0.745471 0.007159 -0.666500 1.280250 -0.007093 0.999971 0.002808 93.821907 0.666501 0.002634 0.745500 11.199939 0.000000 0.000000 0.000000 1.000000
0.754346 0.005336 -0.656456 1.221969 -0.001164 0.999976 0.006790 92.977348 0.656477 -0.004358 0.754334 10.333955 0.000000 0.000000 0.000000 1.000000
0.762312 0.004982 -0.647191 1.045993 0.002427 0.999941 0.010556 92.367569 0.647206 -0.009618 0.762255 9.292965 0.000000 0.000000 0.000000 1.000000
0.772034 0.006786 -0.635545 0.647806 0.005066 0.999846 0.016831 91.947502 0.635561 -0.016213 0.771880 7.922675 0.000000 0.000000 0.000000 1.000000
0.784532 0.007575 -0.620043 0.024103 0.008445 0.999702 0.022899 91.636848 0.620031 -0.023201 0.784234 6.215885 0.000000 0.000000 0.000000 1.000000
0.796062 0.003953 -0.605202 -0.659909 0.015507 0.999517 0.026927 91.364090 0.605016 -0.030820 0.795616 4.258924 0.000000 0.000000 0.000000 1.000000
0.806684 -0.001122 -0.590982 -1.140142 0.024775 0.999183 0.031922 91.335564 0.590463 -0.040393 0.806053 2.376018 0.000000 0.000000 0.000000 1.000000
0.814935 -0.009151 -0.579480 -1.582008 0.035367 0.998797 0.033963 91.758514 0.578472 -0.048172 0.814279 0.542145 0.000000 0.000000 0.000000 1.000000
0.821826 -0.019432 -0.569407 -2.053254 0.047439 0.998282 0.034401 92.489525 0.567760 -0.055284 0.821336 -0.931317 0.000000 0.000000 0.000000 1.000000
0.830106 -0.027002 -0.556951 -2.398529 0.056819 0.997724 0.036313 93.257416 0.554703 -0.061789 0.829751 -1.925835 0.000000 0.000000 0.000000 1.000000
0.838944 -0.032207 -0.543263 -2.564600 0.062935 0.997292 0.038064 93.816116 0.540566 -0.066124 0.838699 -2.400880 0.000000 0.000000 0.000000 1.000000
0.844173 -0.035559 -0.534890 -2.594478 0.066489 0.997038 0.038653 94.058250 0.531932 -0.068194 0.844037 -2.434109 0.000000 0.000000 0.000000 1.000000
0.844699 -0.034494 -0.534128 -2.495873 0.066512 0.996951 0.040803 93.988373 0.531092 -0.069992 0.844418 -2.119965 0.000000 0.000000 0.000000 1.000000
0.842241 -0.029016 -0.538320 -2.245343 0.063721 0.996909 0.045962 93.698242 0.535322 -0.073013 0.841487 -1.454750 0.000000 0.000000 0.000000 1.000000
0.838320 -0.020924 -0.544776 -1.854071 0.059534 0.996801 0.053327 93.310547 0.541917 -0.077137 0.836884 -0.449314 0.000000 0.000000 0.000000 1.000000
0.835252 -0.014200 -0.549684 -1.497904 0.056861 0.996538 0.060657 92.910362 0.546919 -0.081920 0.833168 0.661641 0.000000 0.000000 0.000000 1.000000
0.833753 -0.011018 -0.552028 -1.322747 0.057446 0.996106 0.066882 92.489975 0.549142 -0.087475 0.831139 1.650382 0.000000 0.000000 0.000000 1.000000</float_array><technique_common><accessor source="#mixamorig_Hips-Matrix-animation-output-transform-array" count="54" stride="16"><param type="float4x4"/></accessor></technique_common></source><source id="mixamorig_Hips-Interpolations"><Name_array id="mixamorig_Hips-Interpolations-array" count="54">
 LINEAR LINEAR LINEAR LINEAR LINEAR LINEAR LINEAR LINEAR LINEAR LINEAR LINEAR
LINEAR LINEAR LINEAR LINEAR LINEAR LINEAR LINEAR LINEAR LINEAR LINEAR LINEAR LINEAR
LINEAR LINEAR LINEAR LINEAR LINEAR LINEAR LINEAR LINEAR LINEAR LINEAR LINEAR LINEAR
LINEAR LINEAR LINEAR LINEAR LINEAR LINEAR LINEAR LINEAR LINEAR LINEAR LINEAR LINEAR
LINEAR LINEAR LINEAR LINEAR LINEAR LINEAR LINEAR</Name_array><technique_common><accessor source="#mixamorig_Hips-Interpolations-array" count="54"><param type="name"/></accessor></technique_common></source><sampler id="mixamorig_Hips-Matrix-animation-transform"><input semantic="INPUT" source="#mixamorig_Hips-Matrix-animation-input"/><input semantic="OUTPUT" source="#mixamorig_Hips-Matrix-animation-output-transform"/><input semantic="INTERPOLATION" source="#mixamorig_Hips-Interpolations"/></sampler><channel source="#mixamorig_Hips-Matrix-animation-transform" target="mixamorig_Hips/matrix"/></animation>
    <animation id="mixamorig_Spine-anim" name="mixamorig_Spine"><source id="mixamorig_Spine-Matrix-animation-input"><float_array id="mixamorig_Spine-Matrix-animation-input-array" count="54">

0.000000 0.033333 0.066667 0.100000 0.133333 0.166667 0.200000 0.233333 0.266667 0.300000 0.333333 0.366667 0.400000 0.433333 0.466667 0.500000
0.533333 0.566667 0.600000 0.633333 0.666667 0.700000 0.733333 0.766667 0.800000 0.833333 0.866667 0.900000 0.933333 0.966667 1.000000 1.033333
1.066667 1.100000 1.133333 1.166667 1.200000 1.233333 1.266667 1.300000 1.333333 1.366667 1.400000 1.433333 1.466667 1.500000 1.533333 1.566667
1.600000 1.633333 1.666667 1.700000 1.733333 1.766667</float_array><technique_common><accessor source="#mixamorig_Spine-Matrix-animation-input-array" count="54"><param name="TIME" type="float"/></accessor></technique_common></source><source id="mixamorig_Spine-Matrix-animation-output-transform"><float_array id="mixamorig_Spine-Matrix-animation-output-transform-array" count="864">

0.998932 -0.015939 0.043366 -0.000000 0.019268 0.996810 -0.077454 10.181600 -0.041994 0.078207 0.996052 0.131500 0.000000 0.000000 0.000000 1.000000
0.998866 -0.017888 0.044132 -0.000000 0.021329 0.996665 -0.078760 10.181600 -0.042576 0.079612 0.995916 0.131500 0.000000 0.000000 0.000000 1.000000
0.998681 -0.023973 0.045406 0.000000 0.027545 0.996433 -0.079766 10.181600 -0.043332 0.080912 0.995779 0.131500 0.000000 0.000000 0.000000 1.000000
0.998386 -0.032486 0.046591 -0.000000 0.036218 0.996006 -0.081614 10.181600 -0.043754 0.083170 0.995574 0.131500 0.000000 0.000000 0.000000 1.000000
0.998099 -0.040093 0.046806 0.000000 0.043929 0.995494 -0.084036 10.181600 -0.043226 0.085933 0.995363 0.131500 0.000000 0.000000 0.000000 1.000000
0.997853 -0.045895 0.046720 -0.000000 0.049753 0.995133 -0.085056 10.181600 -0.042589 0.087198 0.995280 0.131500 0.000000 0.000000 0.000000 1.000000
0.997631 -0.050082 0.047165 0.000000 0.053896 0.995057 -0.083403 10.181600 -0.042755 0.085747 0.995399 0.131500 0.000000 0.000000 0.000000 1.000000
0.997524 -0.051808 0.047555 0.000000 0.055459 0.995332 -0.078986 10.181600 -0.043241 0.081428 0.995741 0.131500 0.000000 0.000000 0.000000 1.000000
0.997652 -0.049403 0.047437 0.000000 0.052759 0.995987 -0.072300 10.181600 -0.043675 0.074633 0.996254 0.131500 0.000000 0.000000 0.000000 1.000000
0.997987 -0.042136 0.047387 0.000000 0.045168 0.996874 -0.064828 10.181600 -0.044507 0.066838 0.996771 0.131500 0.000000 0.000000 0.000000 1.000000
0.998374 -0.031425 0.047557 0.000000 0.034204 0.997684 -0.058798 10.181600 -0.045599 0.060329 0.997136 0.131500 0.000000 0.000000 0.000000 1.000000
0.998645 -0.019197 0.048369 0.000000 0.021995 0.998074 -0.057998 10.181600 -0.047162 0.058983 0.997144 0.131500 0.000000 0.000000 0.000000 1.000000
0.998750 -0.005010 0.049726 0.000000 0.008363 0.997687 -0.067452 10.181600 -0.049273 0.067784 0.996483 0.131500 0.000000 0.000000 0.000000 1.000000
0.998573 0.016092 0.050928 0.000000 -0.011492 0.995933 -0.089363 10.181600 -0.052159 0.088650 0.994696 0.131500 0.000000 0.000000 0.000000 1.000000
0.997552 0.047961 0.050897 0.000000 -0.041426 0.991605 -0.122488 10.181600 -0.056344 0.120079 0.991164 0.131500 0.000000 0.000000 0.000000 1.000000
0.995274 0.083436 0.049675 0.000000 -0.074555 0.984361 -0.159606 10.181600 -0.062215 0.155149 0.985930 0.131500 0.000000 0.000000 0.000000 1.000000
0.993234 0.105582 0.048369 0.000000 -0.094607 0.977160 -0.190282 10.181600 -0.067355 0.184418 0.980537 0.131500 0.000000 0.000000 0.000000 1.000000
0.992681 0.110721 0.048215 0.000000 -0.098380 0.972987 -0.208848 10.181600 -0.070036 0.202576 0.976759 0.131500 0.000000 0.000000 0.000000 1.000000
0.992741 0.109504 0.049742 -0.000000 -0.096278 0.971413 -0.216994 10.181600 -0.072082 0.210630 0.974905 0.131500 0.000000 0.000000 0.000000 1.000000
0.993054 0.105389 0.052311 0.000000 -0.091680 0.971775 -0.217365 10.181600 -0.073742 0.211059 0.974688 0.131500 0.000000 0.000000 0.000000 1.000000
0.993758 0.097239 0.054678 -0.000000 -0.083562 0.973551 -0.212640 10.181600 -0.073908 0.206744 0.975600 0.131500 0.000000 0.000000 0.000000 1.000000
0.994790 0.085270 0.055866 -0.000000 -0.072141 0.976061 -0.205185 10.181600 -0.072025 0.200086 0.977127 0.131500 0.000000 0.000000 0.000000 1.000000
0.995830 0.072343 0.055572 -0.000000 -0.060104 0.978585 -0.196872 10.181600 -0.068624 0.192711 0.978853 0.131500 0.000000 0.000000 0.000000 1.000000
0.996667 0.061083 0.054073 0.000000 -0.049828 0.980644 -0.189354 10.181600 -0.064593 0.186028 0.980419 0.131500 0.000000 0.000000 0.000000 1.000000
0.997319 0.051673 0.051809 0.000000 -0.041403 0.982295 -0.182706 10.181600 -0.060332 0.180071 0.981802 0.131500 0.000000 0.000000 0.000000 1.000000
0.997843 0.043121 0.049491 -0.000000 -0.033871 0.984076 -0.174489 10.181600 -0.056226 0.172436 0.983415 0.131500 0.000000 0.000000 0.000000 1.000000
0.998284 0.033676 0.047913 0.000000 -0.025485 0.986409 -0.162318 10.181600 -0.052728 0.160818 0.985575 0.131500 0.000000 0.000000 0.000000 1.000000
0.998622 0.022987 0.047188 0.000000 -0.015888 0.989208 -0.145652 10.181600 -0.050026 0.144701 0.988210 0.131500 0.000000 0.000000 0.000000 1.000000
0.998820 0.013741 0.046586 0.000000 -0.007680 0.991761 -0.127870 10.181600 -0.047959 0.127361 0.990696 0.131500 0.000000 0.000000 0.000000 1.000000
0.998943 0.006511 0.045513 -0.000000 -0.001270 0.993453 -0.114237 10.181600 -0.045959 0.114059 0.992410 0.131500 0.000000 0.000000 0.000000 1.000000
0.998986 0.003308 0.044891 0.000000 0.001697 0.993819 -0.110997 10.181600 -0.044981 0.110961 0.992806 0.131500 0.000000 0.000000 0.000000 1.000000
0.999056 0.001637 0.043413 0.000000 0.003335 0.993453 -0.114190 10.181600 -0.043316 0.114227 0.992510 0.131500 0.000000 0.000000 0.000000 1.000000
0.999120 -0.000753 0.041931 0.000000 0.005586 0.993319 -0.115265 10.181600 -0.041564 0.115397 0.992449 0.131500 0.000000 0.000000 0.000000 1.000000
0.999121 -0.001874 0.041875 -0.000000 0.006452 0.993970 -0.109466 10.181600 -0.041417 0.109640 0.993108 0.131500 0.000000 0.000000 0.000000 1.000000
0.999092 -0.004156 0.042410 0.000000 0.008336 0.995066 -0.098861 10.181600 -0.041790 0.099125 0.994197 0.131500 0.000000 0.000000 0.000000 1.000000
0.999082 -0.010841 0.041455 0.000000 0.014514 0.995895 -0.089344 10.181600 -0.040317 0.089864 0.995138 0.131500 0.000000 0.000000 0.000000 1.000000
0.999133 -0.015681 0.038577 0.000000 0.018932 0.996166 -0.085405 10.181600 -0.037090 0.086061 0.995599 0.131500 0.000000 0.000000 0.000000 1.000000
0.999276 -0.012416 0.035961 0.000000 0.015527 0.996039 -0.087547 10.181600 -0.034731 0.088042 0.995511 0.131500 0.000000 0.000000 0.000000 1.000000
0.999369 -0.003986 0.035302 0.000000 0.007265 0.995615 -0.093260 10.181600 -0.034776 0.093458 0.995016 0.131500 0.000000 0.000000 0.000000 1.000000
0.999368 0.001748 0.035502 -0.000000 0.001714 0.995259 -0.097243 10.181600 -0.035503 0.097242 0.994627 0.131500 0.000000 0.000000 0.000000 1.000000
0.999314 0.003385 0.036874 0.000000 0.000281 0.995091 -0.098962 10.181600 -0.037028 0.098905 0.994408 0.131500 0.000000 0.000000 0.000000 1.000000
0.999258 0.001670 0.038474 0.000000 0.002109 0.995186 -0.097981 10.181600 -0.038453 0.097989 0.994444 0.131500 0.000000 0.000000 0.000000 1.000000
0.999183 -0.000818 0.040396 -0.000000 0.004697 0.995367 -0.096029 10.181600 -0.040130 0.096140 0.994558 0.131500 0.000000 0.000000 0.000000 1.000000
0.999120 -0.005448 0.041588 -0.000000 0.009410 0.995368 -0.095679 10.181600 -0.040874 0.095986 0.994543 0.131500 0.000000 0.000000 0.000000 1.000000
0.999046 -0.008100 0.042905 0.000000 0.012121 0.995471 -0.094295 10.181600 -0.041947 0.094725 0.994619 0.131500 0.000000 0.000000 0.000000 1.000000
0.999036 -0.006802 0.043365 -0.000000 0.010745 0.995761 -0.091345 10.181600 -0.042560 0.091723 0.994875 0.131500 0.000000 0.000000 0.000000 1.000000
0.999104 -0.006134 0.041884 0.000000 0.009837 0.996001 -0.088794 10.181600 -0.041172 0.089127 0.995169 0.131500 0.000000 0.000000 0.000000 1.000000
0.999158 -0.007314 0.040383 0.000000 0.010746 0.996285 -0.085445 10.181600 -0.039608 0.085807 0.995524 0.131500 0.000000 0.000000 0.000000 1.000000
0.999136 -0.008973 0.040586 -0.000000 0.012234 0.996655 -0.080809 10.181600 -0.039725 0.081235 0.995903 0.131500 0.000000 0.000000 0.000000 1.000000
0.999070 -0.010913 0.041723 0.000000 0.014113 0.996917 -0.077182 10.181600 -0.040752 0.077699 0.996144 0.131500 0.000000 0.000000 0.000000 1.000000
0.999001 -0.013388 0.042639 0.000000 0.016576 0.997023 -0.075300 10.181600 -0.041504 0.075932 0.996249 0.131500 0.000000 0.000000 0.000000 1.000000
0.998952 -0.015506 0.043072 0.000000 0.018710 0.997008 -0.075004 10.181600 -0.041780 0.075731 0.996253 0.131500 0.000000 0.000000 0.000000 1.000000
0.998941 -0.015992 0.043145 -0.000000 0.019241 0.996923 -0.075990 10.181600 -0.041797 0.076740 0.996175 0.131500 0.000000 0.000000 0.000000 1.000000
0.998932 -0.015939 0.043367 -0.000000 0.019268 0.996810 -0.077454 10.181600 -0.041994 0.078207 0.996052 0.131500 0.000000 0.000000 0.000000 1.000000</float_array><technique_common><accessor source="#mixamorig_Spine-Matrix-animation-output-transform-array" count="54" stride="16"><param type="float4x4"/></accessor></technique_common></source><source id="mixamorig_Spine-Interpolations"><Name_array id="mixamorig_Spine-Interpolations-array" count="54">
 LINEAR LINEAR LINEAR LINEAR LINEAR LINEAR LINEAR LINEAR LINEAR LINEAR LINEAR
LINEAR LINEAR LINEAR LINEAR LINEAR LINEAR LINEAR LINEAR LINEAR LINEAR LINEAR LINEAR
LINEAR LINEAR LINEAR LINEAR LINEAR LINEAR LINEAR LINEAR LINEAR LINEAR LINEAR LINEAR
LINEAR LINEAR LINEAR LINEAR LINEAR LINEAR LINEAR LINEAR LINEAR LINEAR LINEAR LINEAR
LINEAR LINEAR LINEAR LINEAR LINEAR LINEAR LINEAR</Name_array><technique_common><accessor source="#mixamorig_Spine-Interpolations-array" count="54"><param type="name"/></accessor></technique_common></source><sampler id="mixamorig_Spine-Matrix-animation-transform"><input semantic="INPUT" source="#mixamorig_Spine-Matrix-animation-input"/><input semantic="OUTPUT" source="#mixamorig_Spine-Matrix-animation-output-transform"/><input semantic="INTERPOLATION" source="#mixamorig_Spine-Interpolations"/></sampler><channel source="#mixamorig_Spine-Matrix-animation-transform" target="mixamorig_Spine/matrix"/></animation>
    <animation id="mixamorig_Spine1-anim" name="mixamorig_Spine1"><source id="mixamorig_Spine1-Matrix-animation-input"><float_array id="mixamorig_Spine1-Matrix-animation-input-array" count="54">

0.000000 0.033333 0.066667 0.100000 0.133333 0.166667 0.200000 0.233333 0.266667 0.300000 0.333333 0.366667 0.400000 0.433333 0.466667 0.500000
0.533333 0.566667 0.600000 0.633333 0.666667 0.700000 0.733333 0.766667 0.800000 0.833333 0.866667 0.900000 0.933333 0.966667 1.000000 1.033333
1.066667 1.100000 1.133333 1.166667 1.200000 1.233333 1.266667 1.300000 1.333333 1.366667 1.400000 1.433333 1.466667 1.500000 1.533333 1.566667
1.600000 1.633333 1.666667 1.700000 1.733333 1.766667</float_array><technique_common><accessor source="#mixamorig_Spine1-Matrix-animation-input-array" count="54"><param name="TIME" type="float"/></accessor></technique_common></source><source id="mixamorig_Spine1-Matrix-animation-output-transform"><float_array id="mixamorig_Spine1-Matrix-animation-output-transform-array" count="864">

0.997986 -0.015266 0.061568 0.000000 0.021060 0.995295 -0.094576 10.083500 -0.059835 0.095682 0.993612 -1.000800 0.000000 0.000000 0.000000 1.000000
0.997911 -0.016393 0.062496 0.000000 0.022337 0.995166 -0.095637 10.083500 -0.060626 0.096833 0.993452 -1.000800 0.000000 0.000000 0.000000 1.000000
0.997710 -0.020993 0.064299 -0.000000 0.027136 0.994992 -0.096196 10.083500 -0.061958 0.097720 0.993283 -1.000800 0.000000 0.000000 0.000000 1.000000
0.997433 -0.027767 0.066007 0.000000 0.034113 0.994696 -0.097039 10.083500 -0.062962 0.099041 0.993089 -1.000800 0.000000 0.000000 0.000000 1.000000
0.997258 -0.033112 0.066185 0.000000 0.039527 0.994392 -0.098089 10.083500 -0.062566 0.100436 0.992974 -1.000800 0.000000 0.000000 0.000000 1.000000
0.997175 -0.036078 0.065884 -0.000000 0.042414 0.994336 -0.097450 10.083500 -0.061995 0.099969 0.993057 -1.000800 0.000000 0.000000 0.000000 1.000000
0.997086 -0.037634 0.066354 -0.000000 0.043770 0.994648 -0.093598 10.083500 -0.062477 0.096229 0.993397 -1.000800 0.000000 0.000000 0.000000 1.000000
0.997045 -0.038335 0.066568 0.000000 0.044042 0.995279 -0.086487 10.083500 -0.062938 0.089164 0.994026 -1.000800 0.000000 0.000000 0.000000 1.000000
0.997136 -0.037607 0.065616 0.000000 0.042617 0.996144 -0.076691 10.083500 -0.062478 0.079268 0.994893 -1.000800 0.000000 0.000000 0.000000 1.000000
0.997353 -0.034334 0.064100 -0.000000 0.038564 0.997076 -0.065965 10.083500 -0.061648 0.068262 0.995761 -1.000800 0.000000 0.000000 0.000000 1.000000
0.997629 -0.028131 0.062816 0.000000 0.031746 0.997852 -0.057311 10.083500 -0.061069 0.059169 0.996378 -1.000800 0.000000 0.000000 0.000000 1.000000
0.997827 -0.019039 0.063083 0.000000 0.022564 0.998196 -0.055646 10.083500 -0.061910 0.056948 0.996456 -1.000800 0.000000 0.000000 0.000000 1.000000
0.997855 -0.005376 0.065236 0.000000 0.009760 0.997701 -0.067068 10.083500 -0.064725 0.067561 0.995613 -1.000800 0.000000 0.000000 0.000000 1.000000
0.997584 0.017099 0.067338 -0.000000 -0.010723 0.995522 -0.093925 10.083500 -0.068642 0.092976 0.993299 -1.000800 0.000000 0.000000 0.000000 1.000000
0.996442 0.051430 0.066778 0.000000 -0.042126 0.990094 -0.133935 10.083500 -0.073004 0.130645 0.988738 -1.000800 0.000000 0.000000 0.000000 1.000000
0.993918 0.089676 0.063922 -0.000000 -0.077062 0.981005 -0.178019 10.083500 -0.078672 0.172010 0.981949 -1.000800 0.000000 0.000000 0.000000 1.000000
0.991539 0.114380 0.061382 -0.000000 -0.098895 0.971912 -0.213558 10.083500 -0.084085 0.205680 0.975000 -1.000800 0.000000 0.000000 0.000000 1.000000
0.990881 0.120271 0.060750 0.000000 -0.103009 0.966795 -0.233875 10.083500 -0.086861 0.225484 0.970367 -1.000800 0.000000 0.000000 0.000000 1.000000
0.991027 0.118195 0.062417 -0.000000 -0.099807 0.964973 -0.242622 10.083500 -0.088907 0.234216 0.968111 -1.000800 0.000000 0.000000 0.000000 1.000000
0.991471 0.112597 0.065633 -0.000000 -0.093546 0.965463 -0.243166 10.083500 -0.090746 0.234952 0.967762 -1.000800 0.000000 0.000000 0.000000 1.000000
0.992384 0.102413 0.068456 0.000000 -0.083454 0.967694 -0.237916 10.083500 -0.090610 0.230391 0.968870 -1.000800 0.000000 0.000000 0.000000 1.000000
0.993655 0.088358 0.069585 0.000000 -0.070246 0.970756 -0.229563 10.083500 -0.087833 0.223218 0.970803 -1.000800 0.000000 0.000000 0.000000 1.000000
0.994853 0.074192 0.069012 0.000000 -0.057340 0.973756 -0.220251 10.083500 -0.083542 0.215160 0.972999 -1.000800 0.000000 0.000000 0.000000 1.000000
0.995778 0.062426 0.067302 -0.000000 -0.046897 0.976227 -0.211618 10.083500 -0.078912 0.207568 0.975033 -1.000800 0.000000 0.000000 0.000000 1.000000
0.996467 0.053109 0.065068 -0.000000 -0.038818 0.978211 -0.203950 10.083500 -0.074482 0.200703 0.976817 -1.000800 0.000000 0.000000 0.000000 1.000000
0.996960 0.045390 0.063324 0.000000 -0.032232 0.980241 -0.195166 10.083500 -0.070932 0.192531 0.978724 -1.000800 0.000000 0.000000 0.000000 1.000000
0.997332 0.037126 0.062852 0.000000 -0.025036 0.982752 -0.183224 10.083500 -0.068570 0.181162 0.981060 -1.000800 0.000000 0.000000 0.000000 1.000000
0.997601 0.027200 0.063661 0.000000 -0.016196 0.985758 -0.167387 10.083500 -0.067307 0.165954 0.983834 -1.000800 0.000000 0.000000 0.000000 1.000000
0.997738 0.017420 0.064928 0.000000 -0.007503 0.988664 -0.149960 10.083500 -0.066804 0.149133 0.986558 -1.000800 0.000000 0.000000 0.000000 1.000000
0.997788 0.009666 0.065773 0.000000 -0.000633 0.990710 -0.135989 10.083500 -0.066476 0.135646 0.988525 -1.000800 0.000000 0.000000 0.000000 1.000000
0.997872 0.005967 0.064924 0.000000 0.002617 0.991334 -0.131338 10.083500 -0.065145 0.131228 0.989209 -1.000800 0.000000 0.000000 0.000000 1.000000
0.998086 0.004748 0.061664 0.000000 0.003507 0.991099 -0.133077 10.083500 -0.061747 0.133039 0.989186 -1.000800 0.000000 0.000000 0.000000 1.000000
0.998285 0.004951 0.058324 0.000000 0.002880 0.991054 -0.133427 10.083500 -0.058463 0.133367 0.989341 -1.000800 0.000000 0.000000 0.000000 1.000000
0.998298 0.006436 0.057964 -0.000000 0.000976 0.991910 -0.126942 10.083500 -0.058312 0.126783 0.990215 -1.000800 0.000000 0.000000 0.000000 1.000000
0.998218 0.004240 0.059516 -0.000000 0.002667 0.993305 -0.115494 10.083500 -0.059607 0.115447 0.991524 -1.000800 0.000000 0.000000 0.000000 1.000000
0.998240 -0.004535 0.059137 0.000000 0.010723 0.994442 -0.104741 10.083500 -0.058333 0.105191 0.992740 -1.000800 0.000000 0.000000 0.000000 1.000000
0.998399 -0.012552 0.055157 0.000000 0.017986 0.994909 -0.099158 10.083500 -0.053632 0.099992 0.993542 -1.000800 0.000000 0.000000 0.000000 1.000000
0.998654 -0.010873 0.050721 0.000000 0.015928 0.994825 -0.100344 10.083500 -0.049367 0.101016 0.993659 -1.000800 0.000000 0.000000 0.000000 1.000000
0.998786 -0.002768 0.049187 0.000000 0.007985 0.994314 -0.106189 10.083500 -0.048614 0.106453 0.993129 -1.000800 0.000000 0.000000 0.000000 1.000000
0.998787 0.002753 0.049168 0.000000 0.002721 0.993826 -0.110918 10.083500 -0.049169 0.110918 0.992613 -1.000800 0.000000 0.000000 0.000000 1.000000
0.998685 0.004626 0.051052 0.000000 0.001221 0.993489 -0.113922 10.083500 -0.051246 0.113835 0.992177 -1.000800 0.000000 0.000000 0.000000 1.000000
0.998558 0.004008 0.053531 0.000000 0.002107 0.993514 -0.113690 10.083500 -0.053639 0.113639 0.992073 -1.000800 0.000000 0.000000 0.000000 1.000000
0.998389 0.003100 0.056654 0.000000 0.003283 0.993677 -0.112224 10.083500 -0.056644 0.112229 0.992067 -1.000800 0.000000 0.000000 0.000000 1.000000
0.998263 -0.000232 0.058919 0.000000 0.006881 0.993608 -0.112671 10.083500 -0.058516 0.112881 0.991884 -1.000800 0.000000 0.000000 0.000000 1.000000
0.998124 -0.001861 0.061193 0.000000 0.008764 0.993586 -0.112739 10.083500 -0.060590 0.113064 0.991739 -1.000800 0.000000 0.000000 0.000000 1.000000
0.998082 -0.000136 0.061913 -0.000000 0.007015 0.993807 -0.110897 10.083500 -0.061514 0.111119 0.991902 -1.000800 0.000000 0.000000 0.000000 1.000000
0.998217 0.000663 0.059688 -0.000000 0.005837 0.994062 -0.108663 10.083500 -0.059406 0.108818 0.992285 -1.000800 0.000000 0.000000 0.000000 1.000000
0.998348 -0.000771 0.057460 -0.000000 0.006828 0.994419 -0.105284 10.083500 -0.057058 0.105503 0.992781 -1.000800 0.000000 0.000000 0.000000 1.000000
0.998325 -0.003392 0.057753 -0.000000 0.009182 0.994917 -0.100282 10.083500 -0.057119 0.100644 0.993282 -1.000800 0.000000 0.000000 0.000000 1.000000
0.998208 -0.006703 0.059458 -0.000000 0.012405 0.995299 -0.096057 10.083500 -0.058535 0.096623 0.993598 -1.000800 0.000000 0.000000 0.000000 1.000000
0.998088 -0.010564 0.060899 0.000000 0.016250 0.995473 -0.093643 10.083500 -0.059634 0.094453 0.993742 -1.000800 0.000000 0.000000 0.000000 1.000000
0.998004 -0.014055 0.061573 0.000000 0.019748 0.995485 -0.092847 10.083500 -0.059990 0.093877 0.993775 -1.000800 0.000000 0.000000 0.000000 1.000000
0.997989 -0.015343 0.061497 0.000000 0.021057 0.995407 -0.093386 10.083500 -0.059782 0.094493 0.993729 -1.000800 0.000000 0.000000 0.000000 1.000000
0.997986 -0.015266 0.061568 0.000000 0.021060 0.995295 -0.094576 10.083500 -0.059835 0.095682 0.993612 -1.000800 0.000000 0.000000 0.000000 1.000000</float_array><technique_common><accessor source="#mixamorig_Spine1-Matrix-animation-output-transform-array" count="54" stride="16"><param type="float4x4"/></accessor></technique_common></source><source id="mixamorig_Spine1-Interpolations"><Name_array id="mixamorig_Spine1-Interpolations-array" count="54">
 LINEAR LINEAR LINEAR LINEAR LINEAR LINEAR LINEAR LINEAR LINEAR LINEAR LINEAR
LINEAR LINEAR LINEAR LINEAR LINEAR LINEAR LINEAR LINEAR LINEAR LINEAR LINEAR LINEAR
LINEAR LINEAR LINEAR LINEAR LINEAR LINEAR LINEAR LINEAR LINEAR LINEAR LINEAR LINEAR
LINEAR LINEAR LINEAR LINEAR LINEAR LINEAR LINEAR LINEAR LINEAR LINEAR LINEAR LINEAR
LINEAR LINEAR LINEAR LINEAR LINEAR LINEAR LINEAR</Name_array><technique_common><accessor source="#mixamorig_Spine1-Interpolations-array" count="54"><param type="name"/></accessor></technique_common></source><sampler id="mixamorig_Spine1-Matrix-animation-transform"><input semantic="INPUT" source="#mixamorig_Spine1-Matrix-animation-input"/><input semantic="OUTPUT" source="#mixamorig_Spine1-Matrix-animation-output-transform"/><input semantic="INTERPOLATION" source="#mixamorig_Spine1-Interpolations"/></sampler><channel source="#mixamorig_Spine1-Matrix-animation-transform" target="mixamorig_Spine1/matrix"/></animation>
    <animation id="mixamorig_Spine2-anim" name="mixamorig_Spine2"><source id="mixamorig_Spine2-Matrix-animation-input"><float_array id="mixamorig_Spine2-Matrix-animation-input-array" count="54">

0.000000 0.033333 0.066667 0.100000 0.133333 0.166667 0.200000 0.233333 0.266667 0.300000 0.333333 0.366667 0.400000 0.433333 0.466667 0.500000
0.533333 0.566667 0.600000 0.633333 0.666667 0.700000 0.733333 0.766667 0.800000 0.833333 0.866667 0.900000 0.933333 0.966667 1.000000 1.033333
1.066667 1.100000 1.133333 1.166667 1.200000 1.233333 1.266667 1.300000 1.333333 1.366667 1.400000 1.433333 1.466667 1.500000 1.533333 1.566667
1.600000 1.633333 1.666667 1.700000 1.733333 1.766667</float_array><technique_common><accessor source="#mixamorig_Spine2-Matrix-animation-input-array" count="54"><param name="TIME" type="float"/></accessor></technique_common></source><source id="mixamorig_Spine2-Matrix-animation-output-transform"><float_array id="mixamorig_Spine2-Matrix-animation-output-transform-array" count="864">

0.997931 -0.016023 0.062268 0.000000 0.021844 0.995337 -0.093951 9.100000 -0.060472 0.095117 0.993628 -1.373400 0.000000 0.000000 0.000000 1.000000
0.997853 -0.017199 0.063189 0.000000 0.023169 0.995208 -0.094997 9.100000 -0.061253 0.096257 0.993470 -1.373400 0.000000 0.000000 0.000000 1.000000
0.997642 -0.021850 0.065055 0.000000 0.028017 0.995040 -0.095444 9.100000 -0.062647 0.097041 0.993307 -1.373400 0.000000 0.000000 0.000000 1.000000
0.997351 -0.028718 0.066833 0.000000 0.035084 0.994751 -0.096122 9.100000 -0.063722 0.098212 0.993123 -1.373400 0.000000 0.000000 0.000000 1.000000
0.997167 -0.034182 0.067009 0.000000 0.040612 0.994448 -0.097075 9.100000 -0.063319 0.099521 0.993019 -1.373400 0.000000 0.000000 0.000000 1.000000
0.997082 -0.037259 0.066626 0.000000 0.043601 0.994387 -0.096405 9.100000 -0.062661 0.099029 0.993110 -1.373400 0.000000 0.000000 0.000000 1.000000
0.996998 -0.038919 0.066936 0.000000 0.045042 0.994689 -0.092552 9.100000 -0.062979 0.095289 0.993455 -1.373400 0.000000 0.000000 0.000000 1.000000
0.996970 -0.039688 0.066907 0.000000 0.045360 0.995305 -0.085502 9.100000 -0.063200 0.088277 0.994089 -1.373400 0.000000 0.000000 0.000000 1.000000
0.997082 -0.038974 0.065638 -0.000000 0.043932 0.996150 -0.075866 9.100000 -0.062429 0.078528 0.994955 -1.373400 0.000000 0.000000 0.000000 1.000000
0.997325 -0.035693 0.063790 0.000000 0.039867 0.997063 -0.065396 9.100000 -0.061269 0.067764 0.995818 -1.373400 0.000000 0.000000 0.000000 1.000000
0.997623 -0.029483 0.062276 0.000000 0.033050 0.997824 -0.057047 9.100000 -0.060459 0.058970 0.996427 -1.373400 0.000000 0.000000 0.000000 1.000000
0.997837 -0.020438 0.062482 0.000000 0.023929 0.998164 -0.055646 9.100000 -0.061230 0.057021 0.996494 -1.373400 0.000000 0.000000 0.000000 1.000000
0.997883 -0.006962 0.064660 -0.000000 0.011321 0.997669 -0.067292 9.100000 -0.064041 0.067882 0.995636 -1.373400 0.000000 0.000000 0.000000 1.000000
0.997652 0.015136 0.066791 0.000000 -0.008779 0.995489 -0.094473 9.100000 -0.067920 0.093665 0.993284 -1.373400 0.000000 0.000000 0.000000 1.000000
0.996611 0.048883 0.066151 0.000000 -0.039598 0.990048 -0.135043 9.100000 -0.072094 0.131965 0.988629 -1.373400 0.000000 0.000000 0.000000 1.000000
0.994258 0.086405 0.063133 0.000000 -0.073833 0.980935 -0.179762 9.100000 -0.077461 0.174069 0.981682 -1.373400 0.000000 0.000000 0.000000 1.000000
0.992034 0.110437 0.060604 -0.000000 -0.095012 0.971831 -0.215680 9.100000 -0.082716 0.208204 0.974582 -1.373400 0.000000 0.000000 0.000000 1.000000
0.991448 0.115847 0.060088 0.000000 -0.098648 0.966710 -0.236093 9.100000 -0.085439 0.228147 0.969871 -1.373400 0.000000 0.000000 0.000000 1.000000
0.991626 0.113449 0.061706 -0.000000 -0.095150 0.964875 -0.244874 9.100000 -0.087319 0.236952 0.967589 -1.373400 0.000000 0.000000 0.000000 1.000000
0.992076 0.107674 0.064742 0.000000 -0.088757 0.965347 -0.245412 9.100000 -0.088923 0.237721 0.967255 -1.373400 0.000000 0.000000 0.000000 1.000000
0.992959 0.097507 0.067269 -0.000000 -0.078749 0.967558 -0.240062 9.100000 -0.088495 0.233075 0.968424 -1.373400 0.000000 0.000000 0.000000 1.000000
0.994164 0.083677 0.068086 0.000000 -0.065840 0.970605 -0.231496 9.100000 -0.085455 0.225662 0.970450 -1.373400 0.000000 0.000000 0.000000 1.000000
0.995278 0.069861 0.067383 -0.000000 -0.053316 0.973609 -0.221906 9.100000 -0.081107 0.217265 0.972737 -1.373400 0.000000 0.000000 0.000000 1.000000
0.996121 0.058460 0.065762 -0.000000 -0.043225 0.976099 -0.212982 9.100000 -0.076642 0.209314 0.974840 -1.373400 0.000000 0.000000 0.000000 1.000000
0.996731 0.049504 0.063842 0.000000 -0.035448 0.978116 -0.205017 9.100000 -0.072594 0.202084 0.976674 -1.373400 0.000000 0.000000 0.000000 1.000000
0.997145 0.042170 0.062646 0.000000 -0.029144 0.980187 -0.195920 9.100000 -0.069666 0.193535 0.978617 -1.373400 0.000000 0.000000 0.000000 1.000000
0.997435 0.034340 0.062799 0.000000 -0.022272 0.982740 -0.183645 9.100000 -0.068021 0.181775 0.980985 -1.373400 0.000000 0.000000 0.000000 1.000000
0.997626 0.024919 0.064193 0.000000 -0.013849 0.985785 -0.167441 9.100000 -0.067453 0.166154 0.983790 -1.373400 0.000000 0.000000 0.000000 1.000000
0.997697 0.015643 0.066004 0.000000 -0.005604 0.988729 -0.149612 9.100000 -0.067601 0.148897 0.986539 -1.373400 0.000000 0.000000 0.000000 1.000000
0.997703 0.008262 0.067233 0.000000 0.000912 0.990806 -0.135291 9.100000 -0.067732 0.135041 0.988522 -1.373400 0.000000 0.000000 0.000000 1.000000
0.997788 0.004595 0.066323 0.000000 0.004117 0.991425 -0.130616 9.100000 -0.066354 0.130600 0.989212 -1.373400 0.000000 0.000000 0.000000 1.000000
0.998030 0.003248 0.062651 0.000000 0.005099 0.991156 -0.132605 9.100000 -0.062528 0.132663 0.989187 -1.373400 0.000000 0.000000 0.000000 1.000000
0.998263 0.003411 0.058813 0.000000 0.004463 0.991075 -0.133231 9.100000 -0.058742 0.133262 0.989338 -1.373400 0.000000 0.000000 0.000000 1.000000
0.998297 0.004946 0.058120 0.000000 0.002476 0.991908 -0.126935 9.100000 -0.058278 0.126863 0.990207 -1.373400 0.000000 0.000000 0.000000 1.000000
0.998218 0.002890 0.059604 0.000000 0.004022 0.993299 -0.115504 9.100000 -0.059539 0.115538 0.991517 -1.373400 0.000000 0.000000 0.000000 1.000000
0.998223 -0.005696 0.059323 0.000000 0.011889 0.994447 -0.104569 9.100000 -0.058398 0.105088 0.992747 -1.373400 0.000000 0.000000 0.000000 1.000000
0.998372 -0.013601 0.055386 0.000000 0.019038 0.994919 -0.098859 9.100000 -0.053760 0.099753 0.993559 -1.373400 0.000000 0.000000 0.000000 1.000000
0.998637 -0.011930 0.050820 0.000000 0.016981 0.994828 -0.100142 9.100000 -0.049363 0.100868 0.993674 -1.373400 0.000000 0.000000 0.000000 1.000000
0.998783 -0.003929 0.049165 0.000000 0.009136 0.994310 -0.106130 9.100000 -0.048468 0.106450 0.993136 -1.373400 0.000000 0.000000 0.000000 1.000000
0.998791 0.001530 0.049135 -0.000000 0.003934 0.993822 -0.110920 9.100000 -0.049001 0.110979 0.992614 -1.373400 0.000000 0.000000 0.000000 1.000000
0.998689 0.003383 0.051070 0.000000 0.002460 0.993487 -0.113916 9.100000 -0.051123 0.113892 0.992177 -1.373400 0.000000 0.000000 0.000000 1.000000
0.998554 0.002781 0.053678 0.000000 0.003341 0.993519 -0.113617 9.100000 -0.053646 0.113632 0.992074 -1.373400 0.000000 0.000000 0.000000 1.000000
0.998372 0.001896 0.057011 0.000000 0.004511 0.993693 -0.112041 9.100000 -0.056864 0.112116 0.992067 -1.373400 0.000000 0.000000 0.000000 1.000000
0.998221 -0.001392 0.059613 0.000000 0.008090 0.993646 -0.112263 9.100000 -0.059078 0.112546 0.991889 -1.373400 0.000000 0.000000 0.000000 1.000000
0.998066 -0.002941 0.062086 0.000000 0.009907 0.993637 -0.112192 9.100000 -0.061361 0.112590 0.991745 -1.373400 0.000000 0.000000 0.000000 1.000000
0.998025 -0.001114 0.062806 0.000000 0.008054 0.993859 -0.110359 9.100000 -0.062297 0.110647 0.991905 -1.373400 0.000000 0.000000 0.000000 1.000000
0.998166 -0.000216 0.060534 0.000000 0.006775 0.994109 -0.108171 9.100000 -0.060154 0.108382 0.992288 -1.373400 0.000000 0.000000 0.000000 1.000000
0.998300 -0.001551 0.058269 -0.000000 0.007663 0.994464 -0.104802 9.100000 -0.057783 0.105071 0.992785 -1.373400 0.000000 0.000000 0.000000 1.000000
0.998278 -0.004098 0.058521 -0.000000 0.009934 0.994960 -0.099783 9.100000 -0.057818 0.100193 0.993287 -1.373400 0.000000 0.000000 0.000000 1.000000
0.998159 -0.007373 0.060209 -0.000000 0.013114 0.995341 -0.095518 9.100000 -0.059224 0.096132 0.993605 -1.373400 0.000000 0.000000 0.000000 1.000000
0.998033 -0.011221 0.061675 0.000000 0.016942 0.995519 -0.093034 9.100000 -0.060355 0.093895 0.993751 -1.373400 0.000000 0.000000 0.000000 1.000000
