<?xml version="1.0" encoding="utf-8"?>
<COLLADA xmlns="http://www.collada.org/2005/11/COLLADASchema" version="1.4.1">
  <asset><contributor><author>Mixamo</author><authoring_tool>COLLADA Mixamo exporter</authoring_tool><comments></comments></contributor><created>2019-01-22T21:56:28Z</created><modified>2019-01-22T21:56:28Z</modified><revision></revision><title></title><unit meter="0.010000"/><up_axis>Y_UP</up_axis></asset>
  <library_animations>
    <animation id="mixamorig_Hips-anim" name="mixamorig_Hips"><source id="mixamorig_Hips-Matrix-animation-input"><float_array id="mixamorig_Hips-Matrix-animation-input-array" count="33">

0.000000 0.033333 0.066667 0.100000 0.133333 0.166667 0.200000 0.233333 0.266667 0.300000 0.333333 0.366667 0.400000 0.433333 0.466667 0.500000
0.533333 0.566667 0.600000 0.633333 0.666667 0.700000 0.733333 0.766667 0.800000 0.833333 0.866667 0.900000 0.933333 0.966667 1.000000 1.033333
1.066667</float_array><technique_common><accessor source="#mixamorig_Hips-Matrix-animation-input-array" count="33"><param name="TIME" type="float"/></accessor></technique_common></source><source id="mixamorig_Hips-Matrix-animation-output-transform"><float_array id="mixamorig_Hips-Matrix-animation-output-transform-array" count="528">

0.906470 -0.009817 -0.422157 -0.675761 -0.024200 0.996879 -0.075146 94.022812 0.421577 0.078334 0.903403 1.621804 0.000000 0.000000 0.000000 1.000000
0.896066 0.001520 -0.443919 -2.786580 -0.034882 0.997143 -0.066997 93.981651 0.442549 0.075519 0.893559 2.347682 0.000000 0.000000 0.000000 1.000000
0.887948 0.006176 -0.459902 -4.808400 -0.039837 0.997185 -0.063524 94.190849 0.458215 0.074727 0.885695 2.904655 0.000000 0.000000 0.000000 1.000000
0.884868 0.006590 -0.465794 -6.721970 -0.041658 0.997013 -0.065032 94.587601 0.463975 0.076948 0.882500 3.210876 0.000000 0.000000 0.000000 1.000000
0.887420 0.006180 -0.460919 -8.550805 -0.043124 0.996638 -0.069664 95.085083 0.458939 0.081697 0.884703 3.272766 0.000000 0.000000 0.000000 1.000000
0.893991 0.006242 -0.448041 -10.345586 -0.045100 0.996079 -0.076112 95.617073 0.445809 0.088250 0.890767 3.152922 0.000000 0.000000 0.000000 1.000000
0.902841 0.007051 -0.429918 -12.146471 -0.047762 0.995322 -0.083978 96.115448 0.427315 0.096353 0.898954 2.925327 0.000000 0.000000 0.000000 1.000000
0.912143 0.008567 -0.409783 -13.989466 -0.050864 0.994419 -0.092431 96.502632 0.406704 0.105154 0.907488 2.652762 0.000000 0.000000 0.000000 1.000000
0.921029 0.009211 -0.389386 -15.909317 -0.052389 0.993565 -0.100416 96.668976 0.385956 0.112886 0.915585 2.350410 0.000000 0.000000 0.000000 1.000000
0.928658 0.007324 -0.370864 -17.965479 -0.050349 0.993041 -0.106466 96.495865 0.367504 0.117543 0.922564 2.002409 0.000000 0.000000 0.000000 1.000000
0.934547 0.002763 -0.355829 -20.212133 -0.044556 0.993009 -0.109310 95.897125 0.353039 0.118009 0.928137 1.595168 0.000000 0.000000 0.000000 1.000000
0.937813 -0.004818 -0.347106 -22.678938 -0.034511 0.993656 -0.107035 94.894592 0.345420 0.112358 0.931698 1.150624 0.000000 0.000000 0.000000 1.000000
0.938555 -0.014277 -0.344835 -25.383717 -0.021435 0.994804 -0.099527 93.575256 0.344464 0.100803 0.933372 0.657266 0.000000 0.000000 0.000000 1.000000
0.936614 -0.023796 -0.349555 -28.264181 -0.006971 0.996228 -0.086498 92.121162 0.350294 0.083452 0.932915 0.143525 0.000000 0.000000 0.000000 1.000000
0.932405 -0.031729 -0.360021 -31.118155 0.006952 0.997529 -0.069910 90.829353 0.361349 0.062681 0.930321 -0.294315 0.000000 0.000000 0.000000 1.000000
0.926242 -0.037191 -0.375089 -34.149929 0.019142 0.998478 -0.051731 89.722763 0.376442 0.040735 0.925544 -0.798233 0.000000 0.000000 0.000000 1.000000
0.918844 -0.036768 -0.392904 -37.247253 0.025659 0.999110 -0.033491 89.034225 0.393785 0.020692 0.918970 -1.302516 0.000000 0.000000 0.000000 1.000000
0.910943 -0.032696 -0.411235 -40.353436 0.028633 0.999461 -0.016038 88.847862 0.411538 0.002835 0.911388 -1.811259 0.000000 0.000000 0.000000 1.000000
0.903240 -0.027880 -0.428228 -43.436371 0.030246 0.999542 -0.001278 89.162361 0.428068 -0.011798 0.903670 -2.355659 0.000000 0.000000 0.000000 1.000000
0.896483 -0.024777 -0.442384 -46.415234 0.031758 0.999460 0.008379 89.939667 0.441938 -0.021561 0.896786 -2.890874 0.000000 0.000000 0.000000 1.000000
0.891443 -0.023926 -0.452501 -49.187244 0.032478 0.999410 0.011139 91.038078 0.451967 -0.024626 0.891694 -3.333481 0.000000 0.000000 0.000000 1.000000
0.888031 -0.027152 -0.458982 -51.693634 0.033556 0.999420 0.005799 92.259186 0.458558 -0.020551 0.888427 -3.629759 0.000000 0.000000 0.000000 1.000000
0.885738 -0.034783 -0.462880 -53.938293 0.036441 0.999321 -0.005361 93.432243 0.462753 -0.012119 0.886405 -3.765764 0.000000 0.000000 0.000000 1.000000
0.885171 -0.046060 -0.462981 -55.948414 0.041421 0.998938 -0.020186 94.449211 0.463419 -0.001309 0.886138 -3.758062 0.000000 0.000000 0.000000 1.000000
0.887295 -0.057986 -0.457542 -57.808128 0.046764 0.998263 -0.035825 95.273979 0.458825 0.010391 0.888466 -3.636688 0.000000 0.000000 0.000000 1.000000
0.892930 -0.068939 -0.444885 -59.583557 0.051651 0.997368 -0.050881 95.902359 0.447222 0.022454 0.894141 -3.430033 0.000000 0.000000 0.000000 1.000000
0.901511 -0.077458 -0.425768 -61.311298 0.055199 0.996397 -0.064392 96.301208 0.429222 0.034548 0.902538 -3.124883 0.000000 0.000000 0.000000 1.000000
0.910792 -0.082078 -0.404624 -63.008476 0.055830 0.995523 -0.076272 96.422180 0.409073 0.046878 0.911297 -2.666743 0.000000 0.000000 0.000000 1.000000
0.917947 -0.079261 -0.388705 -64.714218 0.049532 0.995069 -0.085933 96.216995 0.393599 0.059629 0.917346 -2.023874 0.000000 0.000000 0.000000 1.000000
0.921269 -0.068387 -0.382866 -66.445702 0.035612 0.995117 -0.092055 95.731628 0.387292 0.071173 0.919206 -1.218570 0.000000 0.000000 0.000000 1.000000
0.919922 -0.049975 -0.388904 -68.229126 0.015204 0.995645 -0.091979 95.094330 0.391807 0.078701 0.916675 -0.311582 0.000000 0.000000 0.000000 1.000000
0.914416 -0.028321 -0.403783 -70.090897 -0.006729 0.996348 -0.085122 94.472038 0.404719 0.080554 0.910886 0.656111 0.000000 0.000000 0.000000 1.000000
0.906470 -0.009817 -0.422157 -72.038658 -0.024200 0.996879 -0.075146 94.022797 0.421577 0.078334 0.903403 1.621801 0.000000 0.000000 0.000000 1.000000</float_array><technique_common><accessor source="#mixamorig_Hips-Matrix-animation-output-transform-array" count="33" stride="16"><param type="float4x4"/></accessor></technique_common></source><source id="mixamorig_Hips-Interpolations"><Name_array id="mixamorig_Hips-Interpolations-array" count="33">
 LINEAR LINEAR LINEAR LINEAR LINEAR LINEAR LINEAR LINEAR LINEAR LINEAR LINEAR
LINEAR LINEAR LINEAR LINEAR LINEAR LINEAR LINEAR LINEAR LINEAR LINEAR LINEAR LINEAR
LINEAR LINEAR LINEAR LINEAR LINEAR LINEAR LINEAR LINEAR LINEAR LINEAR</Name_array><technique_common><accessor source="#mixamorig_Hips-Interpolations-array" count="33"><param type="name"/></accessor></technique_common></source><sampler id="mixamorig_Hips-Matrix-animation-transform"><input semantic="INPUT" source="#mixamorig_Hips-Matrix-animation-input"/><input semantic="OUTPUT" source="#mixamorig_Hips-Matrix-animation-output-transform"/><input semantic="INTERPOLATION" source="#mixamorig_Hips-Interpolations"/></sampler><channel source="#mixamorig_Hips-Matrix-animation-transform" target="mixamorig_Hips/matrix"/></animation>
    <animation id="mixamorig_Spine-anim" name="mixamorig_Spine"><source id="mixamorig_Spine-Matrix-animation-input"><float_array id="mixamorig_Spine-Matrix-animation-input-array" count="33">

0.000000 0.033333 0.066667 0.100000 0.133333 0.166667 0.200000 0.233333 0.266667 0.300000 0.333333 0.366667 0.400000 0.433333 0.466667 0.500000
0.533333 0.566667 0.600000 0.633333 0.666667 0.700000 0.733333 0.766667 0.800000 0.833333 0.866667 0.900000 0.933333 0.966667 1.000000 1.033333
1.066667</float_array><technique_common><accessor source="#mixamorig_Spine-Matrix-animation-input-array" count="33"><param name="TIME" type="float"/></accessor></technique_common></source><source id="mixamorig_Spine-Matrix-animation-output-transform"><float_array id="mixamorig_Spine-Matrix-animation-output-transform-array" count="528">

0.999006 -0.004384 0.044353 0.000000 0.007302 0.997802 -0.065861 10.181600 -0.043967 0.066120 0.996843 0.131500 0.000000 0.000000 0.000000 1.000000
0.999002 0.003882 0.044504 0.000000 -0.000909 0.997778 -0.066622 10.181600 -0.044664 0.066515 0.996785 0.131500 0.000000 0.000000 0.000000 1.000000
0.998994 0.012802 0.042989 -0.000000 -0.009950 0.997775 -0.065923 10.181600 -0.043738 0.065429 0.996898 0.131500 0.000000 0.000000 0.000000 1.000000
0.999014 0.019940 0.039667 0.000000 -0.017345 0.997752 -0.064736 10.181600 -0.040869 0.063984 0.997114 0.131500 0.000000 0.000000 0.000000 1.000000
0.999120 0.022950 0.035108 0.000000 -0.020669 0.997735 -0.064007 10.181600 -0.036497 0.063225 0.997332 0.131500 0.000000 0.000000 0.000000 1.000000
0.999311 0.021658 0.030154 0.000000 -0.019704 0.997777 -0.063668 10.181600 -0.031466 0.063030 0.997515 0.131500 0.000000 0.000000 0.000000 1.000000
0.999537 0.016572 0.025512 0.000000 -0.014930 0.997886 -0.063252 10.181600 -0.026507 0.062842 0.997671 0.131500 0.000000 0.000000 0.000000 1.000000
0.999730 0.009248 0.021340 0.000000 -0.007900 0.998021 -0.062386 10.181600 -0.021874 0.062201 0.997824 0.131500 0.000000 0.000000 0.000000 1.000000
0.999840 0.001829 0.017784 0.000000 -0.000741 0.998137 -0.061008 10.181600 -0.017862 0.060985 0.997979 0.131500 0.000000 0.000000 0.000000 1.000000
0.999879 -0.003518 0.015156 0.000000 0.004412 0.998227 -0.059366 10.181600 -0.014920 0.059426 0.998121 0.131500 0.000000 0.000000 0.000000 1.000000
0.999889 -0.006504 0.013428 0.000000 0.007268 0.998309 -0.057670 10.181600 -0.013031 0.057762 0.998245 0.131500 0.000000 0.000000 0.000000 1.000000
0.999896 -0.006283 0.013007 0.000000 0.007005 0.998393 -0.056228 10.181600 -0.012633 0.056314 0.998333 0.131500 0.000000 0.000000 0.000000 1.000000
0.999906 -0.003057 0.013339 -0.000000 0.003791 0.998461 -0.055336 10.181600 -0.013149 0.055381 0.998379 0.131500 0.000000 0.000000 0.000000 1.000000
0.999907 0.000747 0.013592 0.000000 0.000004 0.998477 -0.055170 10.181600 -0.013612 0.055165 0.998384 0.131500 0.000000 0.000000 0.000000 1.000000
0.999913 0.000772 0.013132 0.000000 -0.000044 0.998467 -0.055350 10.181600 -0.013155 0.055344 0.998381 0.131500 0.000000 0.000000 0.000000 1.000000
0.999920 0.000649 0.012644 0.000000 0.000060 0.998435 -0.055920 10.181600 -0.012661 0.055917 0.998355 0.131500 0.000000 0.000000 0.000000 1.000000
0.999922 -0.002234 0.012321 0.000000 0.002932 0.998371 -0.056986 10.181600 -0.012173 0.057018 0.998299 0.131500 0.000000 0.000000 0.000000 1.000000
0.999906 -0.006306 0.012209 0.000000 0.007014 0.998241 -0.058870 10.181600 -0.011816 0.058950 0.998191 0.131500 0.000000 0.000000 0.000000 1.000000
0.999882 -0.009314 0.012251 0.000000 0.010053 0.998043 -0.061711 10.181600 -0.011652 0.061827 0.998019 0.131500 0.000000 0.000000 0.000000 1.000000
0.999870 -0.010201 0.012509 0.000000 0.010988 0.997855 -0.064535 10.181600 -0.011824 0.064664 0.997837 0.131500 0.000000 0.000000 0.000000 1.000000
0.999862 -0.010160 0.013178 0.000000 0.011011 0.997746 -0.066199 10.181600 -0.012476 0.066335 0.997719 0.131500 0.000000 0.000000 0.000000 1.000000
0.999846 -0.009890 0.014510 0.000000 0.010828 0.997759 -0.066034 10.181600 -0.013825 0.066181 0.997712 0.131500 0.000000 0.000000 0.000000 1.000000
0.999822 -0.009342 0.016383 0.000000 0.010383 0.997852 -0.064681 10.181600 -0.015743 0.064839 0.997772 0.131500 0.000000 0.000000 0.000000 1.000000
0.999792 -0.008190 0.018701 0.000000 0.009354 0.997967 -0.063040 10.181600 -0.018147 0.063202 0.997836 0.131500 0.000000 0.000000 0.000000 1.000000
0.999750 -0.006652 0.021341 -0.000000 0.007963 0.998049 -0.061929 10.181600 -0.020888 0.062083 0.997852 0.131500 0.000000 0.000000 0.000000 1.000000
0.999696 -0.005041 0.024144 0.000000 0.006521 0.998079 -0.061604 10.181600 -0.023787 0.061742 0.997809 0.131500 0.000000 0.000000 0.000000 1.000000
0.999632 -0.003777 0.026871 0.000000 0.005434 0.998070 -0.061859 10.181600 -0.026586 0.061982 0.997723 0.131500 0.000000 0.000000 0.000000 1.000000
0.999557 -0.003347 0.029570 0.000000 0.005173 0.998070 -0.061886 10.181600 -0.029306 0.062011 0.997645 0.131500 0.000000 0.000000 0.000000 1.000000
0.999457 -0.004121 0.032700 -0.000000 0.006110 0.998121 -0.060962 10.181600 -0.032388 0.061128 0.997604 0.131500 0.000000 0.000000 0.000000 1.000000
0.999327 -0.005543 0.036265 -0.000000 0.007714 0.998169 -0.060001 10.181600 -0.035866 0.060240 0.997539 0.131500 0.000000 0.000000 0.000000 1.000000
0.999180 -0.006954 0.039888 -0.000000 0.009365 0.998119 -0.060590 10.181600 -0.039391 0.060914 0.997365 0.131500 0.000000 0.000000 0.000000 1.000000
0.999057 -0.007246 0.042805 0.000000 0.009941 0.997958 -0.063089 10.181600 -0.042260 0.063455 0.997090 0.131500 0.000000 0.000000 0.000000 1.000000
0.999006 -0.004384 0.044353 0.000000 0.007302 0.997802 -0.065861 10.181600 -0.043967 0.066120 0.996843 0.131500 0.000000 0.000000 0.000000 1.000000</float_array><technique_common><accessor source="#mixamorig_Spine-Matrix-animation-output-transform-array" count="33" stride="16"><param type="float4x4"/></accessor></technique_common></source><source id="mixamorig_Spine-Interpolations"><Name_array id="mixamorig_Spine-Interpolations-array" count="33">
 LINEAR LINEAR LINEAR LINEAR LINEAR LINEAR LINEAR LINEAR LINEAR LINEAR LINEAR
LINEAR LINEAR LINEAR LINEAR LINEAR LINEAR LINEAR LINEAR LINEAR LINEAR LINEAR LINEAR
LINEAR LINEAR LINEAR LINEAR LINEAR LINEAR LINEAR LINEAR LINEAR LINEAR</Name_array><technique_common><accessor source="#mixamorig_Spine-Interpolations-array" count="33"><param type="name"/></accessor></technique_common></source><sampler id="mixamorig_Spine-Matrix-animation-transform"><input semantic="INPUT" source="#mixamorig_Spine-Matrix-animation-input"/><input semantic="OUTPUT" source="#mixamorig_Spine-Matrix-animation-output-transform"/><input semantic="INTERPOLATION" source="#mixamorig_Spine-Interpolations"/></sampler><channel source="#mixamorig_Spine-Matrix-animation-transform" target="mixamorig_Spine/matrix"/></animation>
    <animation id="mixamorig_Spine1-anim" name="mixamorig_Spine1"><source id="mixamorig_Spine1-Matrix-animation-input"><float_array id="mixamorig_Spine1-Matrix-animation-input-array" count="33">

0.000000 0.033333 0.066667 0.100000 0.133333 0.166667 0.200000 0.233333 0.266667 0.300000 0.333333 0.366667 0.400000 0.433333 0.466667 0.500000
0.533333 0.566667 0.600000 0.633333 0.666667 0.700000 0.733333 0.766667 0.800000 0.833333 0.866667 0.900000 0.933333 0.966667 1.000000 1.033333
1.066667</float_array><technique_common><accessor source="#mixamorig_Spine1-Matrix-animation-input-array" count="33"><param name="TIME" type="float"/></accessor></technique_common></source><source id="mixamorig_Spine1-Matrix-animation-output-transform"><float_array id="mixamorig_Spine1-Matrix-animation-output-transform-array" count="528">

0.996504 0.000792 0.083536 0.000000 0.008116 0.994306 -0.106250 10.083500 -0.083145 0.106556 0.990824 -1.000800 0.000000 0.000000 0.000000 1.000000
0.996427 0.011960 0.083613 0.000000 -0.002757 0.994001 -0.109332 10.083500 -0.084419 0.108711 0.990482 -1.000800 0.000000 0.000000 0.000000 1.000000
0.996539 0.021980 0.080166 0.000000 -0.013046 0.993812 -0.110305 10.083500 -0.082094 0.108877 0.990660 -1.000800 0.000000 0.000000 0.000000 1.000000
0.996934 0.027876 0.073111 0.000000 -0.019739 0.993763 -0.109748 10.083500 -0.075715 0.107968 0.991267 -1.000800 0.000000 0.000000 0.000000 1.000000
0.997539 0.028684 0.063985 0.000000 -0.021580 0.993800 -0.109067 10.083500 -0.066717 0.107418 0.991973 -1.000800 0.000000 0.000000 0.000000 1.000000
0.998185 0.025513 0.054557 0.000000 -0.019460 0.993881 -0.108726 10.083500 -0.056997 0.107467 0.992574 -1.000800 0.000000 0.000000 0.000000 1.000000
0.998745 0.019600 0.046099 -0.000000 -0.014502 0.993998 -0.108429 10.083500 -0.047948 0.107625 0.993035 -1.000800 0.000000 0.000000 0.000000 1.000000
0.999174 0.012593 0.038640 0.000000 -0.008364 0.994148 -0.107704 10.083500 -0.039770 0.107291 0.993432 -1.000800 0.000000 0.000000 0.000000 1.000000
0.999466 0.005561 0.032200 -0.000000 -0.002106 0.994326 -0.106356 10.083500 -0.032609 0.106232 0.993807 -1.000800 0.000000 0.000000 0.000000 1.000000
0.999632 0.000148 0.027114 -0.000000 0.002690 0.994512 -0.104587 10.083500 -0.026980 0.104622 0.994146 -1.000800 0.000000 0.000000 0.000000 1.000000
0.999711 -0.002573 0.023887 0.000000 0.005012 0.994708 -0.102621 10.083500 -0.023496 0.102711 0.994434 -1.000800 0.000000 0.000000 0.000000 1.000000
0.999737 -0.001781 0.022854 0.000000 0.004076 0.994905 -0.100739 10.083500 -0.022559 0.100806 0.994650 -1.000800 0.000000 0.000000 0.000000 1.000000
0.999734 0.002028 0.022992 0.000000 0.000264 0.995062 -0.099254 10.083500 -0.023080 0.099234 0.994796 -1.000800 0.000000 0.000000 0.000000 1.000000
0.999701 0.007473 0.023287 0.000000 -0.005147 0.995138 -0.098352 10.083500 -0.023909 0.098203 0.994879 -1.000800 0.000000 0.000000 0.000000 1.000000
0.999673 0.010708 0.023225 -0.000000 -0.008389 0.995176 -0.097748 10.083500 -0.024159 0.097521 0.994940 -1.000800 0.000000 0.000000 0.000000 1.000000
0.999654 0.012512 0.023136 -0.000000 -0.010196 0.995171 -0.097630 10.083500 -0.024246 0.097360 0.994954 -1.000800 0.000000 0.000000 0.000000 1.000000
0.999653 0.011852 0.023539 -0.000000 -0.009478 0.995088 -0.098541 10.083500 -0.024591 0.098284 0.994855 -1.000800 0.000000 0.000000 0.000000 1.000000
0.999657 0.009664 0.024328 -0.000000 -0.007161 0.994865 -0.100953 10.083500 -0.025179 0.100744 0.994594 -1.000800 0.000000 0.000000 0.000000 1.000000
0.999654 0.007693 0.025143 0.000000 -0.005015 0.994471 -0.104889 10.083500 -0.025811 0.104727 0.994166 -1.000800 0.000000 0.000000 0.000000 1.000000
0.999644 0.006927 0.025752 0.000000 -0.004087 0.994059 -0.108764 10.083500 -0.026352 0.108620 0.993734 -1.000800 0.000000 0.000000 0.000000 1.000000
0.999623 0.006936 0.026577 0.000000 -0.003947 0.993821 -0.110924 10.083500 -0.027182 0.110777 0.993473 -1.000800 0.000000 0.000000 0.000000 1.000000
0.999570 0.007495 0.028344 0.000000 -0.004321 0.993875 -0.110426 10.083500 -0.028998 0.110256 0.993480 -1.000800 0.000000 0.000000 0.000000 1.000000
0.999481 0.008673 0.031029 0.000000 -0.005267 0.994115 -0.108205 10.083500 -0.031785 0.107985 0.993644 -1.000800 0.000000 0.000000 0.000000 1.000000
0.999352 0.010423 0.034449 0.000000 -0.006735 0.994395 -0.105510 10.083500 -0.035355 0.105210 0.993821 -1.000800 0.000000 0.000000 0.000000 1.000000
0.999195 0.011945 0.038302 0.000000 -0.007922 0.994595 -0.103528 10.083500 -0.039331 0.103141 0.993889 -1.000800 0.000000 0.000000 0.000000 1.000000
0.999020 0.012571 0.042433 0.000000 -0.008153 0.994677 -0.102715 10.083500 -0.043498 0.102268 0.993805 -1.000800 0.000000 0.000000 0.000000 1.000000
0.998832 0.011996 0.046795 0.000000 -0.007125 0.994667 -0.102891 10.083500 -0.047780 0.102438 0.993591 -1.000800 0.000000 0.000000 0.000000 1.000000
0.998607 0.010013 0.051804 0.000000 -0.004624 0.994660 -0.103107 10.083500 -0.052560 0.102724 0.993320 -1.000800 0.000000 0.000000 0.000000 1.000000
0.998264 0.006004 0.058593 0.000000 0.000023 0.994750 -0.102332 10.083500 -0.058900 0.102155 0.993023 -1.000800 0.000000 0.000000 0.000000 1.000000
0.997769 0.000859 0.066752 0.000000 0.005904 0.994864 -0.101048 10.083500 -0.066496 0.101217 0.992640 -1.000800 0.000000 0.000000 0.000000 1.000000
0.997192 -0.003501 0.074807 0.000000 0.011059 0.994840 -0.100848 10.083500 -0.074068 0.101392 0.992085 -1.000800 0.000000 0.000000 0.000000 1.000000
0.996734 -0.003952 0.080661 0.000000 0.012273 0.994613 -0.102924 10.083500 -0.079820 0.103578 0.991413 -1.000800 0.000000 0.000000 0.000000 1.000000
0.996504 0.000792 0.083536 0.000000 0.008117 0.994306 -0.106250 10.083500 -0.083145 0.106556 0.990824 -1.000800 0.000000 0.000000 0.000000 1.000000</float_array><technique_common><accessor source="#mixamorig_Spine1-Matrix-animation-output-transform-array" count="33" stride="16"><param type="float4x4"/></accessor></technique_common></source><source id="mixamorig_Spine1-Interpolations"><Name_array id="mixamorig_Spine1-Interpolations-array" count="33">
 LINEAR LINEAR LINEAR LINEAR LINEAR LINEAR LINEAR LINEAR LINEAR LINEAR LINEAR
LINEAR LINEAR LINEAR LINEAR LINEAR LINEAR LINEAR LINEAR LINEAR LINEAR LINEAR LINEAR
LINEAR LINEAR LINEAR LINEAR LINEAR LINEAR LINEAR LINEAR LINEAR LINEAR</Name_array><technique_common><accessor source="#mixamorig_Spine1-Interpolations-array" count="33"><param type="name"/></accessor></technique_common></source><sampler id="mixamorig_Spine1-Matrix-animation-transform"><input semantic="INPUT" source="#mixamorig_Spine1-Matrix-animation-input"/><input semantic="OUTPUT" source="#mixamorig_Spine1-Matrix-animation-output-transform"/><input semantic="INTERPOLATION" source="#mixamorig_Spine1-Interpolations"/></sampler><channel source="#mixamorig_Spine1-Matrix-animation-transform" target="mixamorig_Spine1/matrix"/></animation>
    <animation id="mixamorig_Spine2-anim" name="mixamorig_Spine2"><source id="mixamorig_Spine2-Matrix-animation-input"><float_array id="mixamorig_Spine2-Matrix-animation-input-array" count="33">

0.000000 0.033333 0.066667 0.100000 0.133333 0.166667 0.200000 0.233333 0.266667 0.300000 0.333333 0.366667 0.400000 0.433333 0.466667 0.500000
0.533333 0.566667 0.600000 0.633333 0.666667 0.700000 0.733333 0.766667 0.800000 0.833333 0.866667 0.900000 0.933333 0.966667 1.000000 1.033333
1.066667</float_array><technique_common><accessor source="#mixamorig_Spine2-Matrix-animation-input-array" count="33"><param name="TIME" type="float"/></accessor></technique_common></source><source id="mixamorig_Spine2-Matrix-animation-output-transform"><float_array id="mixamorig_Spine2-Matrix-animation-output-transform-array" count="528">

0.996511 -0.000257 0.083466 0.000000 0.009154 0.994300 -0.106229 9.100000 -0.082963 0.106623 0.990832 -1.373400 0.000000 0.000000 0.000000 1.000000
0.996446 0.010950 0.083519 0.000000 -0.001753 0.993995 -0.109412 9.100000 -0.084215 0.108877 0.990482 -1.373400 0.000000 0.000000 0.000000 1.000000
0.996567 0.021087 0.080056 0.000000 -0.012155 0.993807 -0.110458 9.100000 -0.081889 0.109105 0.990651 -1.373400 0.000000 0.000000 0.000000 1.000000
0.996962 0.027120 0.073019 -0.000000 -0.018983 0.993760 -0.109909 9.100000 -0.075544 0.108189 0.991256 -1.373400 0.000000 0.000000 0.000000 1.000000
0.997558 0.028045 0.063972 0.000000 -0.020938 0.993802 -0.109175 9.100000 -0.066637 0.107569 0.991962 -1.373400 0.000000 0.000000 0.000000 1.000000
0.998192 0.024979 0.054667 0.000000 -0.018915 0.993889 -0.108752 9.100000 -0.057050 0.107521 0.992565 -1.373400 0.000000 0.000000 0.000000 1.000000
0.998742 0.019162 0.046341 0.000000 -0.014042 0.994010 -0.108383 9.100000 -0.048140 0.107595 0.993029 -1.373400 0.000000 0.000000 0.000000 1.000000
0.999165 0.012245 0.038989 0.000000 -0.007985 0.994161 -0.107610 9.100000 -0.040079 0.107209 0.993428 -1.373400 0.000000 0.000000 0.000000 1.000000
0.999454 0.005293 0.032602 -0.000000 -0.001800 0.994338 -0.106250 9.100000 -0.032980 0.106133 0.993805 -1.373400 0.000000 0.000000 0.000000 1.000000
0.999623 -0.000061 0.027471 0.000000 0.002932 0.994521 -0.104500 9.100000 -0.027314 0.104541 0.994145 -1.373400 0.000000 0.000000 0.000000 1.000000
0.999706 -0.002746 0.024097 0.000000 0.005204 0.994712 -0.102572 9.100000 -0.023688 0.102668 0.994434 -1.373400 0.000000 0.000000 0.000000 1.000000
0.999737 -0.001942 0.022859 0.000000 0.004236 0.994904 -0.100739 9.100000 -0.022547 0.100809 0.994650 -1.373400 0.000000 0.000000 0.000000 1.000000
0.999739 0.001864 0.022780 0.000000 0.000408 0.995057 -0.099308 9.100000 -0.022852 0.099291 0.994796 -1.373400 0.000000 0.000000 0.000000 1.000000
0.999709 0.007299 0.022989 0.000000 -0.005002 0.995131 -0.098438 9.100000 -0.023595 0.098294 0.994878 -1.373400 0.000000 0.000000 0.000000 1.000000
0.999675 0.010546 0.023217 -0.000000 -0.008227 0.995174 -0.097778 9.100000 -0.024137 0.097556 0.994937 -1.373400 0.000000 0.000000 0.000000 1.000000
0.999647 0.012363 0.023531 0.000000 -0.010011 0.995178 -0.097573 9.100000 -0.024624 0.097303 0.994950 -1.373400 0.000000 0.000000 0.000000 1.000000
0.999634 0.011717 0.024381 0.000000 -0.009265 0.995106 -0.098376 9.100000 -0.025414 0.098114 0.994851 -1.373400 0.000000 0.000000 0.000000 1.000000
0.999627 0.009536 0.025579 0.000000 -0.006914 0.994895 -0.100679 9.100000 -0.026409 0.100465 0.994590 -1.373400 0.000000 0.000000 0.000000 1.000000
0.999616 0.007555 0.026650 0.000000 -0.004729 0.994509 -0.104545 9.100000 -0.027294 0.104379 0.994163 -1.373400 0.000000 0.000000 0.000000 1.000000
0.999605 0.006762 0.027295 -0.000000 -0.003764 0.994098 -0.108419 9.100000 -0.027867 0.108273 0.993730 -1.373400 0.000000 0.000000 0.000000 1.000000
0.999587 0.006731 0.027946 0.000000 -0.003599 0.993855 -0.110634 9.100000 -0.028519 0.110488 0.993468 -1.373400 0.000000 0.000000 0.000000 1.000000
0.999540 0.007242 0.029436 0.000000 -0.003956 0.993900 -0.110213 9.100000 -0.030055 0.110046 0.993472 -1.373400 0.000000 0.000000 0.000000 1.000000
0.999458 0.008371 0.031851 0.000000 -0.004883 0.994132 -0.108065 9.100000 -0.032569 0.107851 0.993633 -1.373400 0.000000 0.000000 0.000000 1.000000
0.999335 0.010071 0.035037 -0.000000 -0.006325 0.994406 -0.105433 9.100000 -0.035903 0.105142 0.993809 -1.373400 0.000000 0.000000 0.000000 1.000000
0.999185 0.011537 0.038670 0.000000 -0.007478 0.994600 -0.103511 9.100000 -0.039655 0.103138 0.993876 -1.373400 0.000000 0.000000 0.000000 1.000000
0.999019 0.012099 0.042606 0.000000 -0.007664 0.994677 -0.102758 9.100000 -0.043623 0.102331 0.993793 -1.373400 0.000000 0.000000 0.000000 1.000000
0.998837 0.011460 0.046828 -0.000000 -0.006584 0.994661 -0.102983 9.100000 -0.047758 0.102555 0.993580 -1.373400 0.000000 0.000000 0.000000 1.000000
0.998615 0.009426 0.051765 0.000000 -0.004038 0.994651 -0.103218 9.100000 -0.052461 0.102866 0.993311 -1.373400 0.000000 0.000000 0.000000 1.000000
0.998270 0.005385 0.058552 0.000000 0.000641 0.994741 -0.102418 9.100000 -0.058795 0.102278 0.993017 -1.373400 0.000000 0.000000 0.000000 1.000000
0.997771 0.000198 0.066734 0.000000 0.006563 0.994857 -0.101076 9.100000 -0.066411 0.101289 0.992638 -1.373400 0.000000 0.000000 0.000000 1.000000
0.997189 -0.004264 0.074801 0.000000 0.011816 0.994836 -0.100808 9.100000 -0.073985 0.101409 0.992090 -1.373400 0.000000 0.000000 0.000000 1.000000
0.996732 -0.004874 0.080629 0.000000 0.013184 0.994609 -0.102860 9.100000 -0.079693 0.103586 0.991423 -1.373400 0.000000 0.000000 0.000000 1.000000
0.996511 -0.000257 0.083466 0.000000 0.009154 0.994300 -0.106229 9.100000 -0.082963 0.106623 0.990832 -1.373400 0.000000 0.000000 0.000000 1.000000</float_array><technique_common><accessor source="#mixamorig_Spine2-Matrix-animation-output-transform-array" count="33" stride="16"><param type="float4x4"/></accessor></technique_common></source><source id="mixamorig_Spine2-Interpolations"><Name_array id="mixamorig_Spine2-Interpolations-array" count="33">
 LINEAR LINEAR LINEAR LINEAR LINEAR LINEAR LINEAR LINEAR LINEAR LINEAR LINEAR
LINEAR LINEAR LINEAR LINEAR LINEAR LINEAR LINEAR LINEAR LINEAR LINEAR LINEAR LINEAR
LINEAR LINEAR LINEAR LINEAR LINEAR LINEAR LINEAR LINEAR LINEAR LINEAR</Name_array><technique_common><accessor source="#mixamorig_Spine2-Interpolations-array" count="33"><param type="name"/></accessor></technique_common></source><sampler id="mixamorig_Spine2-Matrix-animation-transform"><input semantic="INPUT" source="#mixamorig_Spine2-Matrix-animation-input"/><input semantic="OUTPUT" source="#mixamorig_Spine2-Matrix-animation-output-transform"/><input semantic="INTERPOLATION" source="#mixamorig_Spine2-Interpolations"/></sampler><channel source="#mixamorig_Spine2-Matrix-animation-transform" target="mixamorig_Spine2/matrix"/></animation>
    <animation id="mixamorig_Neck-anim" name="mixamorig_Neck"><source id="mixamorig_Neck-Matrix-animation-input"><float_array id="mixamorig_Neck-Matrix-animation-input-array" count="33">

0.000000 0.033333 0.066667 0.100000 0.133333 0.166667 0.200000 0.233333 0.266667 0.300000 0.333333 0.366667 0.400000 0.433333 0.466667 0.500000
0.533333 0.566667 0.600000 0.633333 0.666667 0.700000 0.733333 0.766667 0.800000 0.833333 0.866667 0.900000 0.933333 0.966667 1.000000 1.033333
1.066667</float_array><technique_common><accessor source="#mixamorig_Neck-Matrix-animation-input-array" count="33"><param name="TIME" type="float"/></accessor></technique_common></source><source id="mixamorig_Neck-Matrix-animation-output-transform"><float_array id="mixamorig_Neck-Matrix-animation-output-transform-array" count="528">

0.997952 0.054819 -0.032979 0.000000 -0.059182 0.986837 -0.150497 16.671700 0.024295 0.152140 0.988060 -2.516200 0.000000 0.000000 0.000000 1.000000
0.998232 0.050145 -0.031902 0.000000 -0.054463 0.986682 -0.153270 16.671700 0.023791 0.154736 0.987669 -2.516200 0.000000 0.000000 0.000000 1.000000
0.998334 0.049055 -0.030366 -0.000000 -0.053234 0.986150 -0.157082 16.671700 0.022239 0.158437 0.987119 -2.516200 0.000000 0.000000 0.000000 1.000000
0.998262 0.051380 -0.028873 0.000000 -0.055384 0.985327 -0.161443 16.671700 0.020155 0.162761 0.986460 -2.516200 0.000000 0.000000 0.000000 1.000000
0.998092 0.054998 -0.028059 -0.000000 -0.058902 0.984424 -0.165652 16.671700 0.018511 0.166989 0.985785 -2.516200 0.000000 0.000000 0.000000 1.000000
0.997920 0.058002 -0.028142 0.000000 -0.061945 0.983613 -0.169316 16.671700 0.017861 0.170707 0.985160 -2.516200 0.000000 0.000000 0.000000 1.000000
0.997828 0.059085 -0.029113 -0.000000 -0.063226 0.983093 -0.171845 16.671700 0.018467 0.173312 0.984694 -2.516200 0.000000 0.000000 0.000000 1.000000
0.997821 0.058487 -0.030544 -0.000000 -0.062904 0.982955 -0.172751 16.671700 0.019920 0.174296 0.984492 -2.516200 0.000000 0.000000 0.000000 1.000000
0.997881 0.056492 -0.032274 0.000000 -0.061204 0.983346 -0.171130 16.671700 0.022069 0.172743 0.984720 -2.516200 0.000000 0.000000 0.000000 1.000000
0.997977 0.053535 -0.034286 -0.000000 -0.058528 0.984256 -0.166779 16.671700 0.024818 0.168448 0.985398 -2.516200 0.000000 0.000000 0.000000 1.000000
0.998094 0.049689 -0.036592 0.000000 -0.054943 0.985521 -0.160407 16.671700 0.028092 0.162112 0.986372 -2.516200 0.000000 0.000000 0.000000 1.000000
0.998233 0.044882 -0.038936 0.000000 -0.050362 0.986848 -0.153607 16.671700 0.031530 0.155296 0.987365 -2.516200 0.000000 0.000000 0.000000 1.000000
0.998380 0.039760 -0.040700 0.000000 -0.045385 0.987916 -0.148195 16.671700 0.034316 0.149802 0.988120 -2.516200 0.000000 0.000000 0.000000 1.000000
0.998528 0.035398 -0.041095 0.000000 -0.041035 0.988487 -0.145633 16.671700 0.035466 0.147105 0.988485 -2.516200 0.000000 0.000000 0.000000 1.000000
0.998660 0.032838 -0.039990 0.000000 -0.038353 0.988535 -0.146039 16.671700 0.034736 0.147377 0.988470 -2.516200 0.000000 0.000000 0.000000 1.000000
0.998754 0.032603 -0.037780 -0.000000 -0.037888 0.988125 -0.148909 16.671700 0.032476 0.150155 0.988129 -2.516200 0.000000 0.000000 0.000000 1.000000
0.998771 0.035036 -0.035049 0.000000 -0.040026 0.987313 -0.153659 16.671700 0.029221 0.154873 0.987502 -2.516200 0.000000 0.000000 0.000000 1.000000
0.998701 0.039423 -0.032291 0.000000 -0.044089 0.986204 -0.159555 16.671700 0.025556 0.160771 0.986661 -2.516200 0.000000 0.000000 0.000000 1.000000
0.998546 0.044890 -0.029832 0.000000 -0.049238 0.984884 -0.166068 16.671700 0.021927 0.167296 0.985663 -2.516200 0.000000 0.000000 0.000000 1.000000
0.998343 0.050314 -0.027930 -0.000000 -0.054388 0.983542 -0.172301 16.671700 0.018801 0.173535 0.984648 -2.516200 0.000000 0.000000 0.000000 1.000000
0.998128 0.054943 -0.026869 -0.000000 -0.058852 0.982372 -0.177433 16.671700 0.016647 0.178682 0.983766 -2.516200 0.000000 0.000000 0.000000 1.000000
0.997949 0.058197 -0.026656 0.000000 -0.062059 0.981692 -0.180081 16.671700 0.015688 0.181366 0.983291 -2.516200 0.000000 0.000000 0.000000 1.000000
0.997815 0.060353 -0.026887 0.000000 -0.064221 0.981566 -0.180009 16.671700 0.015528 0.181343 0.983297 -2.516200 0.000000 0.000000 0.000000 1.000000
0.997704 0.061988 -0.027285 -0.000000 -0.065859 0.981944 -0.177340 16.671700 0.015799 0.178730 0.983771 -2.516200 0.000000 0.000000 0.000000 1.000000
0.997559 0.064078 -0.027761 0.000000 -0.067937 0.982498 -0.173440 16.671700 0.016162 0.174902 0.984453 -2.516200 0.000000 0.000000 0.000000 1.000000
0.997348 0.067030 -0.028360 0.000000 -0.070877 0.983057 -0.169042 16.671700 0.016548 0.170603 0.985201 -2.516200 0.000000 0.000000 0.000000 1.000000
0.997097 0.070382 -0.029065 0.000000 -0.074223 0.983583 -0.164486 16.671700 0.017011 0.166166 0.985951 -2.516200 0.000000 0.000000 0.000000 1.000000
0.996862 0.073330 -0.029822 0.000000 -0.077176 0.984109 -0.159914 16.671700 0.017621 0.161714 0.986680 -2.516200 0.000000 0.000000 0.000000 1.000000
0.996731 0.074742 -0.030678 0.000000 -0.078631 0.984660 -0.155761 16.671700 0.018566 0.157664 0.987318 -2.516200 0.000000 0.000000 0.000000 1.000000
0.996771 0.073815 -0.031591 0.000000 -0.077794 0.985238 -0.152494 16.671700 0.019868 0.154460 0.987799 -2.516200 0.000000 0.000000 0.000000 1.000000
0.997037 0.069780 -0.032376 0.000000 -0.073883 0.985854 -0.150441 16.671700 0.021420 0.152387 0.988089 -2.516200 0.000000 0.000000 0.000000 1.000000
0.997478 0.062930 -0.032830 0.000000 -0.067162 0.986442 -0.149735 16.671700 0.022962 0.151562 0.988181 -2.516200 0.000000 0.000000 0.000000 1.000000
0.997952 0.054819 -0.032979 0.000000 -0.059182 0.986837 -0.150497 16.671700 0.024295 0.152140 0.988060 -2.516200 0.000000 0.000000 0.000000 1.000000</float_array><technique_common><accessor source="#mixamorig_Neck-Matrix-animation-output-transform-array" count="33" stride="16"><param type="float4x4"/></accessor></technique_common></source><source id="mixamorig_Neck-Interpolations"><Name_array id="mixamorig_Neck-Interpolations-array" count="33">
 LINEAR LINEAR LINEAR LINEAR LINEAR LINEAR LINEAR LINEAR LINEAR LINEAR LINEAR
LINEAR LINEAR LINEAR LINEAR LINEAR LINEAR LINEAR LINEAR LINEAR LINEAR LINEAR LINEAR
LINEAR LINEAR LINEAR LINEAR LINEAR LINEAR LINEAR LINEAR LINEAR LINEAR</Name_array><technique_common><accessor source="#mixamorig_Neck-Interpolations-array" count="33"><param type="name"/></accessor></technique_common></source><sampler id="mixamorig_Neck-Matrix-animation-transform"><input semantic="INPUT" source="#mixamorig_Neck-Matrix-animation-input"/><input semantic="OUTPUT" source="#mixamorig_Neck-Matrix-animation-output-transform"/><input semantic="INTERPOLATION" source="#mixamorig_Neck-Interpolations"/></sampler><channel source="#mixamorig_Neck-Matrix-animation-transform" target="mixamorig_Neck/matrix"/></animation>
    <animation id="mixamorig_Head-anim" name="mixamorig_Head"><source id="mixamorig_Head-Matrix-animation-input"><float_array id="mixamorig_Head-Matrix-animation-input-array" count="33">

0.000000 0.033333 0.066667 0.100000 0.133333 0.166667 0.200000 0.233333 0.266667 0.300000 0.333333 0.366667 0.400000 0.433333 0.466667 0.500000
0.533333 0.566667 0.600000 0.633333 0.666667 0.700000 0.733333 0.766667 0.800000 0.833333 0.866667 0.900000 0.933333 0.966667 1.000000 1.033333
1.066667</float_array><technique_common><accessor source="#mixamorig_Head-Matrix-animation-input-array" count="33"><param name="TIME" type="float"/></accessor></technique_common></source><source id="mixamorig_Head-Matrix-animation-output-transform"><float_array id="mixamorig_Head-Matrix-animation-output-transform-array" count="528">

0.962043 -0.005208 0.272848 0.000000 0.051598 0.985255 -0.163127 9.617900 -0.267975 0.171013 0.948127 1.685000 0.000000 0.000000 0.000000 1.000000
0.959030 -0.013316 0.282991 0.000000 0.060943 0.985206 -0.160170 9.617900 -0.276671 0.170854 0.945654 1.685000 0.000000 0.000000 0.000000 1.000000
0.956385 -0.015753 0.291683 -0.000000 0.064968 0.985005 -0.159824 9.617900 -0.284792 0.171804 0.943068 1.685000 0.000000 0.000000 0.000000 1.000000
0.954802 -0.011350 0.297027 -0.000000 0.061698 0.985075 -0.160686 9.617900 -0.290770 0.171750 0.941252 1.685000 0.000000 0.000000 0.000000 1.000000
0.954435 -0.003182 0.298403 0.000000 0.053035 0.985834 -0.159120 9.617900 -0.293670 0.167695 0.941082 1.685000 0.000000 0.000000 0.000000 1.000000
0.954984 0.004544 0.296623 0.000000 0.042950 0.987230 -0.153403 9.617900 -0.293532 0.159238 0.942593 1.685000 0.000000 0.000000 0.000000 1.000000
0.956196 0.008220 0.292613 -0.000000 0.035438 0.989003 -0.143587 9.617900 -0.290575 0.147667 0.945389 1.685000 0.000000 0.000000 0.000000 1.000000
0.957693 0.008027 0.287678 -0.000000 0.031311 0.990771 -0.131879 9.617900 -0.286082 0.135307 0.948604 1.685000 0.000000 0.000000 0.000000 1.000000
0.959387 0.004918 0.282050 0.000000 0.029920 0.992434 -0.119077 9.617900 -0.280502 0.122679 0.951981 1.685000 0.000000 0.000000 0.000000 1.000000
0.961285 0.000703 0.275555 -0.000000 0.029388 0.994032 -0.105056 9.617900 -0.273984 0.109086 0.955528 1.685000 0.000000 0.000000 0.000000 1.000000
0.963309 -0.003539 0.268372 0.000000 0.028491 0.995612 -0.089138 9.617900 -0.266878 0.093513 0.959183 1.685000 0.000000 0.000000 0.000000 1.000000
0.965003 -0.006891 0.262147 0.000000 0.026312 0.997155 -0.070644 9.617900 -0.260914 0.075069 0.962439 1.685000 0.000000 0.000000 0.000000 1.000000
0.965758 -0.008783 0.259298 0.000000 0.022813 0.998431 -0.051147 9.617900 -0.258441 0.055310 0.964442 1.685000 0.000000 0.000000 0.000000 1.000000
0.964894 -0.008326 0.262507 0.000000 0.017986 0.999246 -0.034420 9.617900 -0.262022 0.037934 0.964316 1.685000 0.000000 0.000000 0.000000 1.000000
0.962504 -0.004583 0.271230 -0.000000 0.012015 0.999596 -0.025749 9.617900 -0.271003 0.028042 0.962170 1.685000 0.000000 0.000000 0.000000 1.000000
0.959100 0.003642 0.283045 0.000000 0.004643 0.999580 -0.028594 9.617900 -0.283030 0.028739 0.958680 1.685000 0.000000 0.000000 0.000000 1.000000
0.955411 0.017378 0.294767 -0.000000 -0.004557 0.999016 -0.044127 9.617900 -0.295244 0.040817 0.954550 1.685000 0.000000 0.000000 0.000000 1.000000
0.951894 0.034424 0.304488 0.000000 -0.014550 0.997627 -0.067298 9.617900 -0.306082 0.059630 0.950136 1.685000 0.000000 0.000000 0.000000 1.000000
0.948921 0.051414 0.311296 0.000000 -0.023545 0.995422 -0.092634 9.617900 -0.314634 0.080572 0.945787 1.685000 0.000000 0.000000 0.000000 1.000000
0.946792 0.065659 0.315079 0.000000 -0.030412 0.992841 -0.115509 9.617900 -0.320407 0.099781 0.942010 1.685000 0.000000 0.000000 0.000000 1.000000
0.945925 0.075995 0.315359 0.000000 -0.035005 0.990407 -0.133671 9.617900 -0.322492 0.115404 0.939511 1.685000 0.000000 0.000000 0.000000 1.000000
0.946156 0.082835 0.312933 0.000000 -0.038900 0.988794 -0.144126 9.617900 -0.321365 0.124193 0.938776 1.685000 0.000000 0.000000 0.000000 1.000000
0.946787 0.087980 0.309603 -0.000000 -0.043789 0.988181 -0.146902 9.617900 -0.318868 0.125528 0.939450 1.685000 0.000000 0.000000 0.000000 1.000000
0.947572 0.091710 0.306098 0.000000 -0.049552 0.988514 -0.142774 9.617900 -0.315676 0.120121 0.941233 1.685000 0.000000 0.000000 0.000000 1.000000
0.948992 0.092378 0.301465 0.000000 -0.052890 0.989209 -0.136632 9.617900 -0.310834 0.113719 0.943637 1.685000 0.000000 0.000000 0.000000 1.000000
0.951606 0.087505 0.294599 0.000000 -0.050069 0.989943 -0.132310 9.617900 -0.303214 0.111156 0.946417 1.685000 0.000000 0.000000 0.000000 1.000000
0.955277 0.076000 0.285779 0.000000 -0.039204 0.990428 -0.132346 9.617900 -0.293102 0.115223 0.949113 1.685000 0.000000 0.000000 0.000000 1.000000
0.959133 0.060104 0.276498 0.000000 -0.022876 0.990452 -0.135944 9.617900 -0.282029 0.124063 0.951351 1.685000 0.000000 0.000000 0.000000 1.000000
0.962394 0.042696 0.268282 0.000000 -0.004377 0.989881 -0.141832 9.617900 -0.271623 0.135324 0.952842 1.685000 0.000000 0.000000 0.000000 1.000000
0.964493 0.027219 0.262703 -0.000000 0.012495 0.988859 -0.148330 9.617900 -0.263814 0.146346 0.953407 1.685000 0.000000 0.000000 0.000000 1.000000
