<?xml version="1.0" encoding="utf-8"?>
<COLLADA xmlns="http://www.collada.org/2005/11/COLLADASchema" version="1.4.1">
  <asset><contributor><author>Mixamo</author><authoring_tool>COLLADA Mixamo exporter</authoring_tool><comments></comments></contributor><created>2019-01-22T21:47:57Z</created><modified>2019-01-22T21:47:57Z</modified><revision></revision><title></title><unit meter="0.010000"/><up_axis>Y_UP</up_axis></asset>
  <library_animations>
    <animation id="mixamorig_Hips-anim" name="mixamorig_Hips"><source id="mixamorig_Hips-Matrix-animation-input"><float_array id="mixamorig_Hips-Matrix-animation-input-array" count="29">

0.000000 0.033333 0.066667 0.100000 0.133333 0.166667 0.200000 0.233333 0.266667 0.300000 0.333333 0.366667 0.400000 0.433333 0.466667 0.500000
0.533333 0.566667 0.600000 0.633333 0.666667 0.700000 0.733333 0.766667 0.800000 0.833333 0.866667 0.900000 0.933333</float_array><technique_common><accessor source="#mixamorig_Hips-Matrix-animation-input-array" count="29"><param name="TIME" type="float"/></accessor></technique_common></source><source id="mixamorig_Hips-Matrix-animation-output-transform"><float_array id="mixamorig_Hips-Matrix-animation-output-transform-array" count="464">

0.854004 0.013600 -0.520089 2.036481 -0.060342 0.995501 -0.073052 97.310188 0.516755 0.093770 0.850982 1.957008 0.000000 0.000000 0.000000 1.000000
0.856163 0.025224 -0.516090 1.148696 -0.055054 0.997575 -0.042574 96.760544 0.513765 0.064863 0.855476 5.420542 0.000000 0.000000 0.000000 1.000000
0.863432 0.038071 -0.503026 0.372263 -0.046322 0.998919 -0.003907 96.121040 0.502334 0.026674 0.864262 8.796675 0.000000 0.000000 0.000000 1.000000
0.878324 0.052457 -0.475179 -0.174762 -0.040427 0.998551 0.035509 95.426079 0.476353 -0.011978 0.879173 12.270567 0.000000 0.000000 0.000000 1.000000
0.896986 0.061036 -0.437825 -0.469822 -0.037642 0.997371 0.061922 94.908600 0.440453 -0.039063 0.896925 15.946988 0.000000 0.000000 0.000000 1.000000
0.909027 0.058259 -0.412645 -0.620241 -0.032129 0.997030 0.069987 94.808365 0.415497 -0.050362 0.908199 19.704256 0.000000 0.000000 0.000000 1.000000
0.909717 0.048048 -0.412439 -0.756820 -0.023128 0.997604 0.065206 95.204605 0.414584 -0.049780 0.908648 23.378853 0.000000 0.000000 0.000000 1.000000
0.902085 0.034701 -0.430161 -0.815905 -0.012320 0.998426 0.054708 95.941010 0.431382 -0.044052 0.901093 26.984812 0.000000 0.000000 0.000000 1.000000
0.896438 0.018655 -0.442776 -0.742799 -0.000051 0.999118 0.041991 96.598129 0.443168 -0.037620 0.895649 30.568760 0.000000 0.000000 0.000000 1.000000
0.896936 -0.000797 -0.442160 -0.598285 0.013901 0.999555 0.026397 96.867622 0.441942 -0.029823 0.896548 34.161495 0.000000 0.000000 0.000000 1.000000
0.901013 -0.021116 -0.433277 -0.413380 0.027903 0.999567 0.009311 96.526886 0.432893 -0.020479 0.901213 37.887203 0.000000 0.000000 0.000000 1.000000
0.902261 -0.034179 -0.429833 -0.146662 0.034995 0.999369 -0.006008 95.384148 0.429767 -0.009621 0.902888 41.940708 0.000000 0.000000 0.000000 1.000000
0.898796 -0.036861 -0.436814 0.141379 0.032758 0.999320 -0.016926 93.774963 0.437141 0.000904 0.899393 46.125721 0.000000 0.000000 0.000000 1.000000
0.891475 -0.029700 -0.452096 0.434422 0.022968 0.999529 -0.020374 91.952881 0.452488 0.007779 0.891736 50.447544 0.000000 0.000000 0.000000 1.000000
0.884098 -0.017245 -0.466984 0.729656 0.011407 0.999817 -0.015325 90.548805 0.467163 0.008222 0.884133 54.368904 0.000000 0.000000 0.000000 1.000000
0.878368 -0.000395 -0.477985 1.092061 -0.002452 0.999983 -0.005332 89.786354 0.477979 0.005856 0.878352 58.173470 0.000000 0.000000 0.000000 1.000000
0.877084 0.014010 -0.480133 1.694016 -0.012276 0.999902 0.006751 88.908005 0.480180 -0.000027 0.877170 62.324730 0.000000 0.000000 0.000000 1.000000
0.881162 0.007466 -0.472755 2.364187 0.002083 0.999804 0.019673 88.366486 0.472810 -0.018320 0.880974 66.412994 0.000000 0.000000 0.000000 1.000000
0.880368 -0.012073 -0.474137 3.021477 0.026862 0.999341 0.024430 88.608437 0.473530 -0.034243 0.880112 70.659828 0.000000 0.000000 0.000000 1.000000
0.869037 -0.024004 -0.494164 3.778037 0.035580 0.999268 0.014031 89.737228 0.493466 -0.029775 0.869256 74.873856 0.000000 0.000000 0.000000 1.000000
0.858110 -0.025614 -0.512826 4.466479 0.029911 0.999553 0.000125 91.234787 0.512594 -0.015446 0.858492 78.684921 0.000000 0.000000 0.000000 1.000000
0.856311 -0.024065 -0.515900 4.914051 0.021316 0.999709 -0.011252 92.693008 0.516021 -0.001361 0.856575 81.638741 0.000000 0.000000 0.000000 1.000000
0.859247 -0.022361 -0.511072 5.071792 0.011043 0.999622 -0.025172 94.011612 0.511442 0.015985 0.859169 84.221939 0.000000 0.000000 0.000000 1.000000
0.860056 -0.018910 -0.509850 5.002561 -0.003500 0.999071 -0.042958 95.281708 0.510188 0.038731 0.859190 86.792160 0.000000 0.000000 0.000000 1.000000
0.858800 -0.013501 -0.512134 4.763853 -0.020381 0.997961 -0.060486 96.461578 0.511906 0.062383 0.856773 89.459686 0.000000 0.000000 0.000000 1.000000
0.856997 -0.007928 -0.515261 4.308119 -0.035914 0.996532 -0.075065 97.372856 0.514069 0.082835 0.853740 92.233551 0.000000 0.000000 0.000000 1.000000
0.854769 -0.001792 -0.519006 3.664878 -0.048448 0.995352 -0.083228 97.773865 0.516743 0.096286 0.850709 95.139320 0.000000 0.000000 0.000000 1.000000
0.853082 0.006053 -0.521742 2.893496 -0.057791 0.994877 -0.082951 97.690590 0.518567 0.100916 0.849061 98.273514 0.000000 0.000000 0.000000 1.000000
0.854004 0.013600 -0.520089 2.036482 -0.060342 0.995501 -0.073052 97.310204 0.516755 0.093770 0.850982 101.644386 0.000000 0.000000 0.000000 1.000000</float_array><technique_common><accessor source="#mixamorig_Hips-Matrix-animation-output-transform-array" count="29" stride="16"><param type="float4x4"/></accessor></technique_common></source><source id="mixamorig_Hips-Interpolations"><Name_array id="mixamorig_Hips-Interpolations-array" count="29">
 LINEAR LINEAR LINEAR LINEAR LINEAR LINEAR LINEAR LINEAR LINEAR LINEAR LINEAR
LINEAR LINEAR LINEAR LINEAR LINEAR LINEAR LINEAR LINEAR LINEAR LINEAR LINEAR LINEAR
LINEAR LINEAR LINEAR LINEAR LINEAR LINEAR</Name_array><technique_common><accessor source="#mixamorig_Hips-Interpolations-array" count="29"><param type="name"/></accessor></technique_common></source><sampler id="mixamorig_Hips-Matrix-animation-transform"><input semantic="INPUT" source="#mixamorig_Hips-Matrix-animation-input"/><input semantic="OUTPUT" source="#mixamorig_Hips-Matrix-animation-output-transform"/><input semantic="INTERPOLATION" source="#mixamorig_Hips-Interpolations"/></sampler><channel source="#mixamorig_Hips-Matrix-animation-transform" target="mixamorig_Hips/matrix"/></animation>
    <animation id="mixamorig_Spine-anim" name="mixamorig_Spine"><source id="mixamorig_Spine-Matrix-animation-input"><float_array id="mixamorig_Spine-Matrix-animation-input-array" count="29">

0.000000 0.033333 0.066667 0.100000 0.133333 0.166667 0.200000 0.233333 0.266667 0.300000 0.333333 0.366667 0.400000 0.433333 0.466667 0.500000
0.533333 0.566667 0.600000 0.633333 0.666667 0.700000 0.733333 0.766667 0.800000 0.833333 0.866667 0.900000 0.933333</float_array><technique_common><accessor source="#mixamorig_Spine-Matrix-animation-input-array" count="29"><param name="TIME" type="float"/></accessor></technique_common></source><source id="mixamorig_Spine-Matrix-animation-output-transform"><float_array id="mixamorig_Spine-Matrix-animation-output-transform-array" count="464">

0.989565 0.014626 0.143343 0.000000 0.006563 0.989227 -0.146244 10.181600 -0.143937 0.145658 0.978808 0.131500 0.000000 0.000000 0.000000 1.000000
0.990295 0.009538 0.138656 0.000000 0.011402 0.988704 -0.149444 10.181600 -0.138515 0.149575 0.979000 0.131500 0.000000 0.000000 0.000000 1.000000
0.990865 0.001503 0.134847 0.000000 0.019537 0.987788 -0.154573 10.181600 -0.133433 0.155796 0.978736 0.131500 0.000000 0.000000 0.000000 1.000000
0.991055 -0.011111 0.132994 0.000000 0.032313 0.986854 -0.158348 10.181600 -0.129487 0.161229 0.978386 0.131500 0.000000 0.000000 0.000000 1.000000
0.990466 -0.027299 0.135024 0.000000 0.048582 0.986412 -0.156940 10.181600 -0.128905 0.162004 0.978334 0.131500 0.000000 0.000000 0.000000 1.000000
0.989124 -0.040003 0.141543 0.000000 0.061410 0.986735 -0.150276 10.181600 -0.133654 0.157334 0.978459 0.131500 0.000000 0.000000 0.000000 1.000000
0.987299 -0.045828 0.152122 -0.000000 0.067403 0.987876 -0.139853 10.181600 -0.143869 0.148330 0.978417 0.131500 0.000000 0.000000 0.000000 1.000000
0.985342 -0.042701 0.165162 0.000000 0.064667 0.989403 -0.129999 10.181600 -0.157861 0.138774 0.977661 0.131500 0.000000 0.000000 0.000000 1.000000
0.983781 -0.034727 0.175978 0.000000 0.056500 0.991133 -0.120266 10.181600 -0.170241 0.128258 0.977020 0.131500 0.000000 0.000000 0.000000 1.000000
0.982739 -0.025014 0.183301 -0.000000 0.045652 0.992965 -0.109253 10.181600 -0.179278 0.115735 0.976967 0.131500 0.000000 0.000000 0.000000 1.000000
0.982096 -0.016398 0.187669 0.000000 0.034790 0.994857 -0.095130 10.181600 -0.185143 0.099956 0.977615 0.131500 0.000000 0.000000 0.000000 1.000000
0.981354 -0.012160 0.191822 0.000000 0.027744 0.996507 -0.078767 10.181600 -0.190194 0.082620 0.978264 0.131500 0.000000 0.000000 0.000000 1.000000
0.980503 -0.012119 0.196130 0.000000 0.025172 0.997620 -0.064193 10.181600 -0.194885 0.067878 0.978475 0.131500 0.000000 0.000000 0.000000 1.000000
0.979365 -0.013610 0.201642 -0.000000 0.025618 0.998042 -0.057065 10.181600 -0.200471 0.061053 0.977795 0.131500 0.000000 0.000000 0.000000 1.000000
0.978509 -0.010157 0.205953 0.000000 0.023242 0.997854 -0.061217 10.181600 -0.204889 0.064688 0.976645 0.131500 0.000000 0.000000 0.000000 1.000000
0.978062 -0.000125 0.208312 -0.000000 0.016030 0.997080 -0.074668 10.181600 -0.207694 0.076369 0.975208 0.131500 0.000000 0.000000 0.000000 1.000000
0.977614 0.015861 0.209806 -0.000000 0.003682 0.995712 -0.092432 10.181600 -0.210372 0.091135 0.973364 0.131500 0.000000 0.000000 0.000000 1.000000
0.977208 0.036782 0.209072 0.000000 -0.014279 0.994033 -0.108141 10.181600 -0.211802 0.102691 0.971903 0.131500 0.000000 0.000000 0.000000 1.000000
0.976609 0.056561 0.207451 -0.000000 -0.032285 0.992418 -0.118593 10.181600 -0.212586 0.109121 0.971030 0.131500 0.000000 0.000000 0.000000 1.000000
0.976114 0.069513 0.205840 -0.000000 -0.044398 0.991262 -0.124213 10.181600 -0.212675 0.112107 0.970671 0.131500 0.000000 0.000000 0.000000 1.000000
0.976454 0.073995 0.202637 -0.000000 -0.048290 0.990470 -0.128984 10.181600 -0.210250 0.116162 0.970722 0.131500 0.000000 0.000000 0.000000 1.000000
0.977885 0.071291 0.196618 0.000000 -0.044926 0.989767 -0.135438 10.181600 -0.204262 0.123610 0.971081 0.131500 0.000000 0.000000 0.000000 1.000000
0.979857 0.064572 0.188974 0.000000 -0.037493 0.988938 -0.143510 10.181600 -0.196151 0.133534 0.971439 0.131500 0.000000 0.000000 0.000000 1.000000
0.981974 0.056112 0.180493 0.000000 -0.028775 0.988168 -0.150653 10.181600 -0.186811 0.142744 0.971970 0.131500 0.000000 0.000000 0.000000 1.000000
0.984038 0.046257 0.171839 0.000000 -0.019463 0.987809 -0.154452 10.181600 -0.176889 0.148642 0.972942 0.131500 0.000000 0.000000 0.000000 1.000000
0.985914 0.035897 0.163357 -0.000000 -0.010436 0.987996 -0.154128 10.181600 -0.166928 0.150252 0.974453 0.131500 0.000000 0.000000 0.000000 1.000000
0.987468 0.026955 0.155501 -0.000000 -0.003246 0.988567 -0.150747 10.181600 -0.157786 0.148353 0.976266 0.131500 0.000000 0.000000 0.000000 1.000000
0.988661 0.019788 0.148853 0.000000 0.002376 0.989094 -0.147265 10.181600 -0.150144 0.145949 0.977832 0.131500 0.000000 0.000000 0.000000 1.000000
0.989565 0.014626 0.143343 0.000000 0.006564 0.989227 -0.146244 10.181600 -0.143938 0.145658 0.978808 0.131500 0.000000 0.000000 0.000000 1.000000</float_array><technique_common><accessor source="#mixamorig_Spine-Matrix-animation-output-transform-array" count="29" stride="16"><param type="float4x4"/></accessor></technique_common></source><source id="mixamorig_Spine-Interpolations"><Name_array id="mixamorig_Spine-Interpolations-array" count="29">
 LINEAR LINEAR LINEAR LINEAR LINEAR LINEAR LINEAR LINEAR LINEAR LINEAR LINEAR
LINEAR LINEAR LINEAR LINEAR LINEAR LINEAR LINEAR LINEAR LINEAR LINEAR LINEAR LINEAR
LINEAR LINEAR LINEAR LINEAR LINEAR LINEAR</Name_array><technique_common><accessor source="#mixamorig_Spine-Interpolations-array" count="29"><param type="name"/></accessor></technique_common></source><sampler id="mixamorig_Spine-Matrix-animation-transform"><input semantic="INPUT" source="#mixamorig_Spine-Matrix-animation-input"/><input semantic="OUTPUT" source="#mixamorig_Spine-Matrix-animation-output-transform"/><input semantic="INTERPOLATION" source="#mixamorig_Spine-Interpolations"/></sampler><channel source="#mixamorig_Spine-Matrix-animation-transform" target="mixamorig_Spine/matrix"/></animation>
    <animation id="mixamorig_Spine1-anim" name="mixamorig_Spine1"><source id="mixamorig_Spine1-Matrix-animation-input"><float_array id="mixamorig_Spine1-Matrix-animation-input-array" count="29">

0.000000 0.033333 0.066667 0.100000 0.133333 0.166667 0.200000 0.233333 0.266667 0.300000 0.333333 0.366667 0.400000 0.433333 0.466667 0.500000
0.533333 0.566667 0.600000 0.633333 0.666667 0.700000 0.733333 0.766667 0.800000 0.833333 0.866667 0.900000 0.933333</float_array><technique_common><accessor source="#mixamorig_Spine1-Matrix-animation-input-array" count="29"><param name="TIME" type="float"/></accessor></technique_common></source><source id="mixamorig_Spine1-Matrix-animation-output-transform"><float_array id="mixamorig_Spine1-Matrix-animation-output-transform-array" count="464">

0.999774 -0.016168 -0.013796 0.000000 0.014249 0.991495 -0.129360 10.083500 0.015770 0.129135 0.991502 -1.000800 0.000000 0.000000 0.000000 1.000000
0.999684 -0.016269 -0.019187 0.000000 0.013593 0.991137 -0.132146 10.083500 0.021167 0.131843 0.991045 -1.000800 0.000000 0.000000 0.000000 1.000000
0.999561 -0.018217 -0.023373 0.000000 0.014864 0.990546 -0.136375 10.083500 0.025636 0.135968 0.990381 -1.000800 0.000000 0.000000 0.000000 1.000000
0.999413 -0.022979 -0.025398 0.000000 0.019204 0.989968 -0.139978 10.083500 0.028360 0.139408 0.989829 -1.000800 0.000000 0.000000 0.000000 1.000000
0.999267 -0.030214 -0.023489 0.000000 0.026632 0.989766 -0.140190 10.083500 0.027484 0.139461 0.989846 -1.000800 0.000000 0.000000 0.000000 1.000000
0.999144 -0.037698 -0.017013 0.000000 0.035034 0.990049 -0.136295 10.083500 0.021982 0.135582 0.990522 -1.000800 0.000000 0.000000 0.000000 1.000000
0.999022 -0.043728 -0.006553 0.000000 0.042517 0.990718 -0.129110 10.083500 0.012138 0.128706 0.991609 -1.000800 0.000000 0.000000 0.000000 1.000000
0.998952 -0.045333 0.006259 -0.000000 0.045758 0.991538 -0.121481 10.083500 -0.000699 0.121640 0.992574 -1.000800 0.000000 0.000000 0.000000 1.000000
0.998886 -0.043962 0.017169 0.000000 0.045637 0.992434 -0.113987 10.083500 -0.012028 0.114643 0.993334 -1.000800 0.000000 0.000000 0.000000 1.000000
0.998840 -0.040962 0.025318 0.000000 0.043429 0.993406 -0.106106 10.083500 -0.020805 0.107082 0.994032 -1.000800 0.000000 0.000000 0.000000 1.000000
0.998785 -0.037968 0.031416 0.000000 0.040847 0.994473 -0.096724 10.083500 -0.027570 0.097889 0.994815 -1.000800 0.000000 0.000000 0.000000 1.000000
0.998642 -0.036205 0.037468 0.000000 0.039321 0.995513 -0.086064 10.083500 -0.034183 0.087421 0.995585 -1.000800 0.000000 0.000000 0.000000 1.000000
0.998385 -0.035649 0.044222 0.000000 0.038947 0.996340 -0.076097 10.083500 -0.041348 0.077697 0.996119 -1.000800 0.000000 0.000000 0.000000 1.000000
0.998079 -0.035315 0.050910 0.000000 0.038832 0.996803 -0.069828 10.083500 -0.048281 0.071671 0.996259 -1.000800 0.000000 0.000000 0.000000 1.000000
0.997906 -0.033049 0.055600 0.000000 0.036886 0.996903 -0.069454 10.083500 -0.053132 0.071359 0.996035 -1.000800 0.000000 0.000000 0.000000 1.000000
0.997996 -0.026886 0.057276 0.000000 0.031134 0.996726 -0.074614 10.083500 -0.055083 0.076248 0.995566 -1.000800 0.000000 0.000000 0.000000 1.000000
0.998303 -0.015544 0.056120 0.000000 0.020203 0.996308 -0.083437 10.083500 -0.054616 0.084429 0.994932 -1.000800 0.000000 0.000000 0.000000 1.000000
0.998547 -0.000915 0.053878 0.000000 0.005896 0.995708 -0.092363 10.083500 -0.053562 0.092547 0.994267 -1.000800 0.000000 0.000000 0.000000 1.000000
0.998583 0.012896 0.051635 0.000000 -0.007714 0.995026 -0.099321 10.083500 -0.052659 0.098782 0.993715 -1.000800 0.000000 0.000000 0.000000 1.000000
0.998554 0.021953 0.049077 0.000000 -0.016740 0.994414 -0.104217 10.083500 -0.051091 0.103244 0.993343 -1.000800 0.000000 0.000000 0.000000 1.000000
0.998694 0.024303 0.044936 0.000000 -0.019290 0.993876 -0.108809 10.083500 -0.047305 0.107800 0.993047 -1.000800 0.000000 0.000000 0.000000 1.000000
0.999011 0.021530 0.038909 0.000000 -0.016950 0.993288 -0.114419 10.083500 -0.041112 0.113647 0.992670 -1.000800 0.000000 0.000000 0.000000 1.000000
0.999380 0.015536 0.031586 -0.000000 -0.011612 0.992606 -0.120828 10.083500 -0.033230 0.120386 0.992171 -1.000800 0.000000 0.000000 0.000000 1.000000
0.999684 0.008010 0.023841 0.000000 -0.004932 0.991958 -0.126469 10.083500 -0.024662 0.126311 0.991684 -1.000800 0.000000 0.000000 0.000000 1.000000
0.999872 0.000076 0.015991 0.000000 0.002005 0.991503 -0.130072 10.083500 -0.015865 0.130087 0.991376 -1.000800 0.000000 0.000000 0.000000 1.000000
0.999941 -0.007351 0.007965 0.000000 0.008333 0.991322 -0.131193 10.083500 -0.006932 0.131252 0.991325 -1.000800 0.000000 0.000000 0.000000 1.000000
0.999918 -0.012795 -0.000011 -0.000000 0.012684 0.991390 -0.130326 10.083500 0.001678 0.130315 0.991471 -1.000800 0.000000 0.000000 0.000000 1.000000
0.999851 -0.015609 -0.007372 -0.000000 0.014526 0.991512 -0.129201 10.083500 0.009327 0.129074 0.991591 -1.000800 0.000000 0.000000 0.000000 1.000000
0.999774 -0.016168 -0.013796 0.000000 0.014249 0.991495 -0.129360 10.083500 0.015770 0.129135 0.991502 -1.000800 0.000000 0.000000 0.000000 1.000000</float_array><technique_common><accessor source="#mixamorig_Spine1-Matrix-animation-output-transform-array" count="29" stride="16"><param type="float4x4"/></accessor></technique_common></source><source id="mixamorig_Spine1-Interpolations"><Name_array id="mixamorig_Spine1-Interpolations-array" count="29">
 LINEAR LINEAR LINEAR LINEAR LINEAR LINEAR LINEAR LINEAR LINEAR LINEAR LINEAR
LINEAR LINEAR LINEAR LINEAR LINEAR LINEAR LINEAR LINEAR LINEAR LINEAR LINEAR LINEAR
LINEAR LINEAR LINEAR LINEAR LINEAR LINEAR</Name_array><technique_common><accessor source="#mixamorig_Spine1-Interpolations-array" count="29"><param type="name"/></accessor></technique_common></source><sampler id="mixamorig_Spine1-Matrix-animation-transform"><input semantic="INPUT" source="#mixamorig_Spine1-Matrix-animation-input"/><input semantic="OUTPUT" source="#mixamorig_Spine1-Matrix-animation-output-transform"/><input semantic="INTERPOLATION" source="#mixamorig_Spine1-Interpolations"/></sampler><channel source="#mixamorig_Spine1-Matrix-animation-transform" target="mixamorig_Spine1/matrix"/></animation>
    <animation id="mixamorig_Spine2-anim" name="mixamorig_Spine2"><source id="mixamorig_Spine2-Matrix-animation-input"><float_array id="mixamorig_Spine2-Matrix-animation-input-array" count="29">

0.000000 0.033333 0.066667 0.100000 0.133333 0.166667 0.200000 0.233333 0.266667 0.300000 0.333333 0.366667 0.400000 0.433333 0.466667 0.500000
0.533333 0.566667 0.600000 0.633333 0.666667 0.700000 0.733333 0.766667 0.800000 0.833333 0.866667 0.900000 0.933333</float_array><technique_common><accessor source="#mixamorig_Spine2-Matrix-animation-input-array" count="29"><param name="TIME" type="float"/></accessor></technique_common></source><source id="mixamorig_Spine2-Matrix-animation-output-transform"><float_array id="mixamorig_Spine2-Matrix-animation-output-transform-array" count="464">

0.999776 -0.015773 -0.014127 0.000000 0.013815 0.991500 -0.129375 9.100000 0.016047 0.129151 0.991495 -1.373400 0.000000 0.000000 0.000000 1.000000
0.999688 -0.015690 -0.019424 -0.000000 0.012987 0.991141 -0.132174 9.100000 0.021325 0.131880 0.991036 -1.373400 0.000000 0.000000 0.000000 1.000000
0.999572 -0.017453 -0.023488 0.000000 0.014089 0.990548 -0.136444 9.100000 0.025647 0.136055 0.990369 -1.373400 0.000000 0.000000 0.000000 1.000000
0.999433 -0.022078 -0.025419 -0.000000 0.018306 0.989969 -0.140097 9.100000 0.028257 0.139552 0.989811 -1.373400 0.000000 0.000000 0.000000 1.000000
0.999294 -0.029316 -0.023508 0.000000 0.025735 0.989769 -0.140338 9.100000 0.027382 0.139634 0.989825 -1.373400 0.000000 0.000000 0.000000 1.000000
0.999169 -0.036975 -0.017129 0.000000 0.034299 0.990056 -0.136429 9.100000 0.022003 0.135729 0.990502 -1.373400 0.000000 0.000000 0.000000 1.000000
0.999038 -0.043329 -0.006798 0.000000 0.042089 0.990726 -0.129192 9.100000 0.012333 0.128781 0.991596 -1.373400 0.000000 0.000000 0.000000 1.000000
0.998955 -0.045329 0.005928 0.000000 0.045714 0.991540 -0.121482 9.100000 -0.000371 0.121626 0.992576 -1.373400 0.000000 0.000000 0.000000 1.000000
0.998878 -0.044247 0.016885 0.000000 0.045888 0.992429 -0.113921 9.100000 -0.011717 0.114568 0.993346 -1.373400 0.000000 0.000000 0.000000 1.000000
0.998826 -0.041358 0.025237 0.000000 0.043811 0.993402 -0.105983 9.100000 -0.020688 0.106964 0.994048 -1.373400 0.000000 0.000000 0.000000 1.000000
0.998765 -0.038269 0.031676 0.000000 0.041166 0.994479 -0.096524 9.100000 -0.027807 0.097709 0.994827 -1.373400 0.000000 0.000000 0.000000 1.000000
0.998614 -0.036313 0.038099 0.000000 0.039472 0.995535 -0.085749 9.100000 -0.034816 0.087134 0.995588 -1.373400 0.000000 0.000000 0.000000 1.000000
0.998346 -0.035603 0.045132 -0.000000 0.038953 0.996373 -0.075654 9.100000 -0.042275 0.077287 0.996112 -1.373400 0.000000 0.000000 0.000000 1.000000
0.998030 -0.035287 0.051875 0.000000 0.038848 0.996838 -0.069311 9.100000 -0.049265 0.071189 0.996245 -1.373400 0.000000 0.000000 0.000000 1.000000
0.997857 -0.033248 0.056350 0.000000 0.037114 0.996926 -0.068994 9.100000 -0.053883 0.070938 0.996024 -1.373400 0.000000 0.000000 0.000000 1.000000
0.997962 -0.027440 0.057611 0.000000 0.031700 0.996727 -0.074370 9.100000 -0.055382 0.076045 0.995565 -1.373400 0.000000 0.000000 0.000000 1.000000
0.998297 -0.016448 0.055961 0.000000 0.021098 0.996281 -0.083543 9.100000 -0.054379 0.084582 0.994932 -1.373400 0.000000 0.000000 0.000000 1.000000
0.998575 -0.002031 0.053319 0.000000 0.006982 0.995657 -0.092840 9.100000 -0.052899 0.093080 0.994252 -1.373400 0.000000 0.000000 0.000000 1.000000
0.998637 0.011732 0.050865 0.000000 -0.006592 0.994959 -0.100068 9.100000 -0.051783 0.099596 0.993680 -1.373400 0.000000 0.000000 0.000000 1.000000
0.998614 0.020867 0.048310 -0.000000 -0.015695 0.994342 -0.105058 9.100000 -0.050229 0.104154 0.993292 -1.373400 0.000000 0.000000 0.000000 1.000000
0.998745 0.023342 0.044317 0.000000 -0.018365 0.993809 -0.109569 9.100000 -0.046600 0.108618 0.992991 -1.373400 0.000000 0.000000 0.000000 1.000000
0.999045 0.020695 0.038476 -0.000000 -0.016146 0.993233 -0.115011 9.100000 -0.040596 0.114280 0.992619 -1.373400 0.000000 0.000000 0.000000 1.000000
0.999400 0.014828 0.031302 0.000000 -0.010929 0.992563 -0.121237 9.100000 -0.032867 0.120822 0.992130 -1.373400 0.000000 0.000000 0.000000 1.000000
0.999693 0.007452 0.023632 0.000000 -0.004398 0.991926 -0.126739 9.100000 -0.024386 0.126596 0.991655 -1.373400 0.000000 0.000000 0.000000 1.000000
0.999875 -0.000294 0.015790 0.000000 0.002349 0.991479 -0.130249 9.100000 -0.015617 0.130270 0.991356 -1.373400 0.000000 0.000000 0.000000 1.000000
0.999942 -0.007512 0.007719 0.000000 0.008461 0.991306 -0.131308 9.100000 -0.006665 0.131365 0.991312 -1.373400 0.000000 0.000000 0.000000 1.000000
0.999919 -0.012752 -0.000322 -0.000000 0.012602 0.991382 -0.130393 9.100000 0.001982 0.130379 0.991462 -1.373400 0.000000 0.000000 0.000000 1.000000
0.999852 -0.015385 -0.007723 0.000000 0.014258 0.991512 -0.129232 9.100000 0.009645 0.129103 0.991584 -1.373400 0.000000 0.000000 0.000000 1.000000
0.999776 -0.015773 -0.014127 0.000000 0.013815 0.991500 -0.129375 9.100000 0.016047 0.129151 0.991495 -1.373400 0.000000 0.000000 0.000000 1.000000</float_array><technique_common><accessor source="#mixamorig_Spine2-Matrix-animation-output-transform-array" count="29" stride="16"><param type="float4x4"/></accessor></technique_common></source><source id="mixamorig_Spine2-Interpolations"><Name_array id="mixamorig_Spine2-Interpolations-array" count="29">
 LINEAR LINEAR LINEAR LINEAR LINEAR LINEAR LINEAR LINEAR LINEAR LINEAR LINEAR
LINEAR LINEAR LINEAR LINEAR LINEAR LINEAR LINEAR LINEAR LINEAR LINEAR LINEAR LINEAR
LINEAR LINEAR LINEAR LINEAR LINEAR LINEAR</Name_array><technique_common><accessor source="#mixamorig_Spine2-Interpolations-array" count="29"><param type="name"/></accessor></technique_common></source><sampler id="mixamorig_Spine2-Matrix-animation-transform"><input semantic="INPUT" source="#mixamorig_Spine2-Matrix-animation-input"/><input semantic="OUTPUT" source="#mixamorig_Spine2-Matrix-animation-output-transform"/><input semantic="INTERPOLATION" source="#mixamorig_Spine2-Interpolations"/></sampler><channel source="#mixamorig_Spine2-Matrix-animation-transform" target="mixamorig_Spine2/matrix"/></animation>
    <animation id="mixamorig_Neck-anim" name="mixamorig_Neck"><source id="mixamorig_Neck-Matrix-animation-input"><float_array id="mixamorig_Neck-Matrix-animation-input-array" count="29">

0.000000 0.033333 0.066667 0.100000 0.133333 0.166667 0.200000 0.233333 0.266667 0.300000 0.333333 0.366667 0.400000 0.433333 0.466667 0.500000
0.533333 0.566667 0.600000 0.633333 0.666667 0.700000 0.733333 0.766667 0.800000 0.833333 0.866667 0.900000 0.933333</float_array><technique_common><accessor source="#mixamorig_Neck-Matrix-animation-input-array" count="29"><param name="TIME" type="float"/></accessor></technique_common></source><source id="mixamorig_Neck-Matrix-animation-output-transform"><float_array id="mixamorig_Neck-Matrix-animation-output-transform-array" count="464">

0.998401 0.045376 0.033708 0.000000 -0.044568 0.998710 -0.024351 16.671700 -0.034770 0.022810 0.999135 -2.516200 0.000000 0.000000 0.000000 1.000000
0.998436 0.044860 0.033351 0.000000 -0.043967 0.998667 -0.027051 16.671700 -0.034520 0.025542 0.999078 -2.516200 0.000000 0.000000 0.000000 1.000000
0.998258 0.048970 0.032905 -0.000000 -0.047965 0.998378 -0.030678 16.671700 -0.034354 0.029047 0.998988 -2.516200 0.000000 0.000000 0.000000 1.000000
0.997811 0.057549 0.032571 0.000000 -0.056433 0.997821 -0.034181 16.671700 -0.034467 0.032268 0.998885 -2.516200 0.000000 0.000000 0.000000 1.000000
0.997122 0.068560 0.032371 -0.000000 -0.067355 0.997044 -0.036960 16.671700 -0.034810 0.034673 0.998792 -2.516200 0.000000 0.000000 0.000000 1.000000
0.996401 0.078447 0.032114 0.000000 -0.077168 0.996244 -0.039287 16.671700 -0.035076 0.036668 0.998712 -2.516200 0.000000 0.000000 0.000000 1.000000
0.995979 0.083942 0.031295 0.000000 -0.082604 0.995703 -0.041847 16.671700 -0.034673 0.039094 0.998634 -2.516200 0.000000 0.000000 0.000000 1.000000
0.996021 0.083830 0.030234 -0.000000 -0.082443 0.995600 -0.044532 16.671700 -0.033834 0.041863 0.998550 -2.516200 0.000000 0.000000 0.000000 1.000000
0.996316 0.080771 0.028830 0.000000 -0.079379 0.995757 -0.046555 16.671700 -0.032468 0.044095 0.998500 -2.516200 0.000000 0.000000 0.000000 1.000000
0.996623 0.077427 0.027355 0.000000 -0.076066 0.995960 -0.047735 16.671700 -0.030940 0.045493 0.998485 -2.516200 0.000000 0.000000 0.000000 1.000000
0.996793 0.075625 0.026150 0.000000 -0.074312 0.996079 -0.048005 16.671700 -0.029678 0.045907 0.998505 -2.516200 0.000000 0.000000 0.000000 1.000000
0.996836 0.075248 0.025600 0.000000 -0.073976 0.996130 -0.047456 16.671700 -0.029072 0.045412 0.998545 -2.516200 0.000000 0.000000 0.000000 1.000000
0.996852 0.074961 0.025835 0.000000 -0.073722 0.996218 -0.045982 16.671700 -0.029184 0.043932 0.998608 -2.516200 0.000000 0.000000 0.000000 1.000000
0.996979 0.072961 0.026649 0.000000 -0.071775 0.996492 -0.043030 16.671700 -0.029695 0.040988 0.998718 -2.516200 0.000000 0.000000 0.000000 1.000000
0.997324 0.067855 0.027201 0.000000 -0.066800 0.997042 -0.038003 16.671700 -0.029699 0.036085 0.998907 -2.516200 0.000000 0.000000 0.000000 1.000000
0.997844 0.059938 0.026729 0.000000 -0.059102 0.997769 -0.031032 16.671700 -0.028530 0.029386 0.999161 -2.516200 0.000000 0.000000 0.000000 1.000000
0.998388 0.050974 0.024954 0.000000 -0.050398 0.998460 -0.023208 16.671700 -0.026099 0.021913 0.999419 -2.516200 0.000000 0.000000 0.000000 1.000000
0.998767 0.044170 0.022663 0.000000 -0.043789 0.998896 -0.017029 16.671700 -0.023390 0.016016 0.999598 -2.516200 0.000000 0.000000 0.000000 1.000000
0.998936 0.041073 0.020951 -0.000000 -0.040781 0.999068 -0.014167 16.671700 -0.021513 0.013298 0.999680 -2.516200 0.000000 0.000000 0.000000 1.000000
0.998934 0.041371 0.020480 -0.000000 -0.041066 0.999042 -0.015103 16.671700 -0.021085 0.014246 0.999676 -2.516200 0.000000 0.000000 0.000000 1.000000
0.998861 0.042822 0.021052 -0.000000 -0.042432 0.998925 -0.018658 16.671700 -0.021828 0.017744 0.999604 -2.516200 0.000000 0.000000 0.000000 1.000000
0.998796 0.043830 0.022011 0.000000 -0.043322 0.998795 -0.023053 16.671700 -0.022995 0.022072 0.999492 -2.516200 0.000000 0.000000 0.000000 1.000000
0.998738 0.044573 0.023139 0.000000 -0.043942 0.998666 -0.027100 16.671700 -0.024316 0.026049 0.999365 -2.516200 0.000000 0.000000 0.000000 1.000000
0.998625 0.046238 0.024717 0.000000 -0.045499 0.998524 -0.029667 16.671700 -0.026053 0.028502 0.999254 -2.516200 0.000000 0.000000 0.000000 1.000000
0.998440 0.048885 0.026962 0.000000 -0.048068 0.998389 -0.030162 16.671700 -0.028393 0.028819 0.999181 -2.516200 0.000000 0.000000 0.000000 1.000000
0.998247 0.051222 0.029660 0.000000 -0.050379 0.998323 -0.028516 16.671700 -0.031071 0.026972 0.999153 -2.516200 0.000000 0.000000 0.000000 1.000000
0.998178 0.051142 0.032012 0.000000 -0.050325 0.998399 -0.025815 16.671700 -0.033281 0.024157 0.999154 -2.516200 0.000000 0.000000 0.000000 1.000000
0.998259 0.048629 0.033388 0.000000 -0.047841 0.998566 -0.024028 16.671700 -0.034508 0.022389 0.999154 -2.516200 0.000000 0.000000 0.000000 1.000000
0.998401 0.045376 0.033708 0.000000 -0.044568 0.998710 -0.024351 16.671700 -0.034770 0.022810 0.999135 -2.516200 0.000000 0.000000 0.000000 1.000000</float_array><technique_common><accessor source="#mixamorig_Neck-Matrix-animation-output-transform-array" count="29" stride="16"><param type="float4x4"/></accessor></technique_common></source><source id="mixamorig_Neck-Interpolations"><Name_array id="mixamorig_Neck-Interpolations-array" count="29">
 LINEAR LINEAR LINEAR LINEAR LINEAR LINEAR LINEAR LINEAR LINEAR LINEAR LINEAR
LINEAR LINEAR LINEAR LINEAR LINEAR LINEAR LINEAR LINEAR LINEAR LINEAR LINEAR LINEAR
LINEAR LINEAR LINEAR LINEAR LINEAR LINEAR</Name_array><technique_common><accessor source="#mixamorig_Neck-Interpolations-array" count="29"><param type="name"/></accessor></technique_common></source><sampler id="mixamorig_Neck-Matrix-animation-transform"><input semantic="INPUT" source="#mixamorig_Neck-Matrix-animation-input"/><input semantic="OUTPUT" source="#mixamorig_Neck-Matrix-animation-output-transform"/><input semantic="INTERPOLATION" source="#mixamorig_Neck-Interpolations"/></sampler><channel source="#mixamorig_Neck-Matrix-animation-transform" target="mixamorig_Neck/matrix"/></animation>
    <animation id="mixamorig_Head-anim" name="mixamorig_Head"><source id="mixamorig_Head-Matrix-animation-input"><float_array id="mixamorig_Head-Matrix-animation-input-array" count="29">

0.000000 0.033333 0.066667 0.100000 0.133333 0.166667 0.200000 0.233333 0.266667 0.300000 0.333333 0.366667 0.400000 0.433333 0.466667 0.500000
0.533333 0.566667 0.600000 0.633333 0.666667 0.700000 0.733333 0.766667 0.800000 0.833333 0.866667 0.900000 0.933333</float_array><technique_common><accessor source="#mixamorig_Head-Matrix-animation-input-array" count="29"><param name="TIME" type="float"/></accessor></technique_common></source><source id="mixamorig_Head-Matrix-animation-output-transform"><float_array id="mixamorig_Head-Matrix-animation-output-transform-array" count="464">

0.976362 0.163575 0.141279 -0.000000 -0.164861 0.986313 -0.002632 9.617900 -0.139775 -0.020722 0.989966 1.685000 0.000000 0.000000 0.000000 1.000000
0.975620 0.167623 0.141665 -0.000000 -0.168304 0.985708 -0.007245 9.617900 -0.140855 -0.016774 0.989888 1.685000 0.000000 0.000000 0.000000 1.000000
0.975895 0.170944 0.135673 0.000000 -0.170082 0.985265 -0.018008 9.617900 -0.136752 -0.005502 0.990590 1.685000 0.000000 0.000000 0.000000 1.000000
0.976830 0.174369 0.124090 -0.000000 -0.171344 0.984599 -0.034733 9.617900 -0.128235 0.012666 0.991663 1.685000 0.000000 0.000000 0.000000 1.000000
0.977891 0.178436 0.109039 0.000000 -0.173190 0.983301 -0.055899 9.617900 -0.117192 0.035779 0.992465 1.685000 0.000000 0.000000 0.000000 1.000000
0.978616 0.182833 0.094249 -0.000000 -0.175884 0.981358 -0.077471 9.617900 -0.106657 0.059237 0.992530 1.685000 0.000000 0.000000 0.000000 1.000000
0.979162 0.185807 0.081965 0.000000 -0.177938 0.979473 -0.094716 9.617900 -0.097882 0.078158 0.992124 1.685000 0.000000 0.000000 0.000000 1.000000
0.980366 0.182236 0.075312 0.000000 -0.174171 0.979360 -0.102557 9.617900 -0.092447 0.087426 0.991872 1.685000 0.000000 0.000000 0.000000 1.000000
0.982744 0.171121 0.070228 0.000000 -0.163688 0.981364 -0.100651 9.617900 -0.086143 0.087418 0.992440 1.685000 0.000000 0.000000 0.000000 1.000000
0.985846 0.154650 0.064736 0.000000 -0.148404 0.984619 -0.092203 9.617900 -0.077999 0.081290 0.993634 1.685000 0.000000 0.000000 0.000000 1.000000
0.988858 0.136905 0.058461 0.000000 -0.131920 0.987863 -0.081997 9.617900 -0.068977 0.073372 0.994916 1.685000 0.000000 0.000000 0.000000 1.000000
0.991055 0.122284 0.053448 0.000000 -0.118077 0.990104 -0.075838 9.617900 -0.062193 0.068849 0.995687 1.685000 0.000000 0.000000 0.000000 1.000000
0.992353 0.112170 0.051506 0.000000 -0.108060 0.991185 -0.076652 9.617900 -0.059650 0.070500 0.995727 1.685000 0.000000 0.000000 0.000000 1.000000
0.992915 0.106342 0.053025 0.000000 -0.101610 0.991177 -0.085113 9.617900 -0.061608 0.079122 0.994959 1.685000 0.000000 0.000000 0.000000 1.000000
0.993202 0.102456 0.055252 0.000000 -0.096738 0.990496 -0.097773 9.617900 -0.064745 0.091763 0.993674 1.685000 0.000000 0.000000 0.000000 1.000000
0.993715 0.097656 0.054722 0.000000 -0.091212 0.989746 -0.109928 9.617900 -0.064896 0.104245 0.992432 1.685000 0.000000 0.000000 0.000000 1.000000
0.994787 0.089432 0.049008 0.000000 -0.083175 0.989583 -0.117508 9.617900 -0.059006 0.112819 0.991862 1.685000 0.000000 0.000000 0.000000 1.000000
0.996136 0.078303 0.039782 -0.000000 -0.073092 0.990221 -0.118823 9.617900 -0.048697 0.115456 0.992118 1.685000 0.000000 0.000000 0.000000 1.000000
0.997174 0.068078 0.031769 0.000000 -0.064017 0.991311 -0.114910 9.617900 -0.039316 0.112551 0.992868 1.685000 0.000000 0.000000 0.000000 1.000000
0.997558 0.063293 0.029540 0.000000 -0.059816 0.992503 -0.106584 9.617900 -0.036064 0.104557 0.993865 1.685000 0.000000 0.000000 0.000000 1.000000
0.997186 0.066428 0.034733 -0.000000 -0.062900 0.993551 -0.094338 9.617900 -0.040776 0.091888 0.994934 1.685000 0.000000 0.000000 0.000000 1.000000
0.996127 0.075676 0.044771 -0.000000 -0.071983 0.994270 -0.079024 9.617900 -0.050495 0.075495 0.995867 1.685000 0.000000 0.000000 0.000000 1.000000
0.994403 0.088761 0.057316 0.000000 -0.085187 0.994431 -0.062042 9.617900 -0.062504 0.056812 0.996426 1.685000 0.000000 0.000000 0.000000 1.000000
0.992033 0.103800 0.071390 0.000000 -0.100704 0.993867 -0.045683 9.617900 -0.075694 0.038129 0.996402 1.685000 0.000000 0.000000 0.000000 1.000000
0.988992 0.119541 0.087205 0.000000 -0.117218 0.992613 -0.031304 9.617900 -0.090303 0.020737 0.995698 1.685000 0.000000 0.000000 0.000000 1.000000
0.985344 0.134847 0.104466 0.000000 -0.133559 0.990854 -0.019262 9.617900 -0.106108 0.005028 0.994342 1.685000 0.000000 0.000000 0.000000 1.000000
0.981604 0.147744 0.120936 0.000000 -0.147624 0.988993 -0.010003 9.617900 -0.121082 -0.008034 0.992610 1.685000 0.000000 0.000000 0.000000 1.000000
0.978449 0.157266 0.133808 -0.000000 -0.158141 0.987408 -0.004135 9.617900 -0.132773 -0.017115 0.990999 1.685000 0.000000 0.000000 0.000000 1.000000
0.976362 0.163575 0.141278 0.000000 -0.164861 0.986313 -0.002632 9.617900 -0.139775 -0.020722 0.989966 1.685000 0.000000 0.000000 0.000000 1.000000</float_array><technique_common><accessor source="#mixamorig_Head-Matrix-animation-output-transform-array" count="29" stride="16"><param type="float4x4"/></accessor></technique_common></source><source id="mixamorig_Head-Interpolations"><Name_array id="mixamorig_Head-Interpolations-array" count="29">
 LINEAR LINEAR LINEAR LINEAR LINEAR LINEAR LINEAR LINEAR LINEAR LINEAR LINEAR
LINEAR LINEAR LINEAR LINEAR LINEAR LINEAR LINEAR LINEAR LINEAR LINEAR LINEAR LINEAR
LINEAR LINEAR LINEAR LINEAR LINEAR LINEAR</Name_array><technique_common><accessor source="#mixamorig_Head-Interpolations-array" count="29"><param type="name"/></accessor></technique_common></source><sampler id="mixamorig_Head-Matrix-animation-transform"><input semantic="INPUT" source="#mixamorig_Head-Matrix-animation-input"/><input semantic="OUTPUT" source="#mixamorig_Head-Matrix-animation-output-transform"/><input semantic="INTERPOLATION" source="#mixamorig_Head-Interpolations"/></sampler><channel source="#mixamorig_Head-Matrix-animation-transform" target="mixamorig_Head/matrix"/></animation>
    <animation id="mixamorig_LeftShoulder-anim" name="mixamorig_LeftShoulder"><source id="mixamorig_LeftShoulder-Matrix-animation-input"><float_array id="mixamorig_LeftShoulder-Matrix-animation-input-array" count="29">

0.000000 0.033333 0.066667 0.100000 0.133333 0.166667 0.200000 0.233333 0.266667 0.300000 0.333333 0.366667 0.400000 0.433333 0.466667 0.500000
0.533333 0.566667 0.600000 0.633333 0.666667 0.700000 0.733333 0.766667 0.800000 0.833333 0.866667 0.900000 0.933333</float_array><technique_common><accessor source="#mixamorig_LeftShoulder-Matrix-animation-input-array" count="29"><param name="TIME" type="float"/></accessor></technique_common></source><source id="mixamorig_LeftShoulder-Matrix-animation-output-transform"><float_array id="mixamorig_LeftShoulder-Matrix-animation-output-transform-array" count="464">

0.981479 0.123074 -0.146807 4.570400 -0.132016 0.989842 -0.052769 10.946000 0.138821 0.071172 0.987757 -2.628000 0.000000 0.000000 0.000000 1.000000
0.981837 0.124956 -0.142766 4.570400 -0.133581 0.989647 -0.052485 10.946000 0.134729 0.070602 0.988364 -2.628000 0.000000 0.000000 0.000000 1.000000
0.980782 0.127082 -0.148041 4.570400 -0.136321 0.989192 -0.053989 10.946000 0.139580 0.073133 0.987507 -2.628000 0.000000 0.000000 0.000000 1.000000
0.978904 0.129245 -0.158246 4.570400 -0.139613 0.988609 -0.056211 10.946000 0.149179 0.077119 0.985798 -2.628000 0.000000 0.000000 0.000000 1.000000
0.977626 0.131707 -0.164017 4.570400 -0.142722 0.988106 -0.057239 10.946000 0.154527 0.079367 0.984796 -2.628000 0.000000 0.000000 0.000000 1.000000
0.978323 0.134421 -0.157531 4.570400 -0.144710 0.987904 -0.055720 10.946000 0.148136 0.077308 0.985941 -2.628000 0.000000 0.000000 0.000000 1.000000
0.981055 0.136538 -0.137432 4.570400 -0.144751 0.988121 -0.051613 10.946000 0.128752 0.070529 0.989166 -2.628000 0.000000 0.000000 0.000000 1.000000
0.984645 0.137297 -0.107810 4.570400 -0.142877 0.988679 -0.045820 10.946000 0.100299 0.060520 0.993115 -2.628000 0.000000 0.000000 0.000000 1.000000
0.987111 0.137236 -0.082331 4.570400 -0.140931 0.989176 -0.040868 10.946000 0.075831 0.051944 0.995767 -2.628000 0.000000 0.000000 0.000000 1.000000
0.988300 0.136806 -0.067438 4.570400 -0.139557 0.989488 -0.037914 10.946000 0.061542 0.046882 0.997003 -2.628000 0.000000 0.000000 0.000000 1.000000
0.988575 0.135712 -0.065595 4.570400 -0.138339 0.989682 -0.037307 10.946000 0.059855 0.045955 0.997149 -2.628000 0.000000 0.000000 0.000000 1.000000
