<?xml version="1.0" encoding="utf-8"?>
<COLLADA xmlns="http://www.collada.org/2005/11/COLLADASchema" version="1.4.1">
  <asset><contributor><author>Mixamo</author><authoring_tool>COLLADA Mixamo exporter</authoring_tool><comments></comments></contributor><created>2019-01-22T21:50:16Z</created><modified>2019-01-22T21:50:16Z</modified><revision></revision><title></title><unit meter="0.010000"/><up_axis>Y_UP</up_axis></asset>
  <library_animations>
    <animation id="mixamorig_Hips-anim" name="mixamorig_Hips"><source id="mixamorig_Hips-Matrix-animation-input"><float_array id="mixamorig_Hips-Matrix-animation-input-array" count="26">

0.000000 0.033333 0.066667 0.100000 0.133333 0.166667 0.200000 0.233333 0.266667 0.300000 0.333333 0.366667 0.400000 0.433333 0.466667 0.500000
0.533333 0.566667 0.600000 0.633333 0.666667 0.700000 0.733333 0.766667 0.800000 0.833333</float_array><technique_common><accessor source="#mixamorig_Hips-Matrix-animation-input-array" count="26"><param name="TIME" type="float"/></accessor></technique_common></source><source id="mixamorig_Hips-Matrix-animation-output-transform"><float_array id="mixamorig_Hips-Matrix-animation-output-transform-array" count="416">

0.956301 -0.090391 -0.278061 -0.350634 0.088097 0.995896 -0.020762 93.077805 0.278797 -0.004642 0.960339 1.672994 0.000000 0.000000 0.000000 1.000000
0.958977 -0.100248 -0.265168 2.074188 0.099782 0.994892 -0.015262 93.308449 0.265343 -0.011823 0.964082 2.068431 0.000000 0.000000 0.000000 1.000000
0.955540 -0.105340 -0.275402 4.427876 0.105373 0.994324 -0.014720 93.781250 0.275389 -0.014954 0.961217 2.608137 0.000000 0.000000 0.000000 1.000000
0.947341 -0.106515 -0.301994 6.740168 0.106224 0.994189 -0.017436 94.328323 0.302096 -0.015561 0.953150 3.169807 0.000000 0.000000 0.000000 1.000000
0.937085 -0.104159 -0.333202 9.123373 0.103006 0.994455 -0.021175 94.743439 0.333560 -0.014479 0.942618 3.815806 0.000000 0.000000 0.000000 1.000000
0.927582 -0.097392 -0.360703 11.636148 0.095184 0.995172 -0.023928 94.798683 0.361292 -0.012138 0.932374 4.665928 0.000000 0.000000 0.000000 1.000000
0.919661 -0.086432 -0.383083 14.271799 0.083385 0.996214 -0.024586 94.366272 0.383758 -0.009333 0.923387 5.751520 0.000000 0.000000 0.000000 1.000000
0.912250 -0.074038 -0.402887 17.061829 0.070543 0.997231 -0.023530 93.464279 0.403514 -0.006956 0.914947 7.029377 0.000000 0.000000 0.000000 1.000000
0.904463 -0.063482 -0.421802 20.064356 0.059953 0.997967 -0.021639 92.227898 0.422318 -0.005717 0.906430 8.394068 0.000000 0.000000 0.000000 1.000000
0.896850 -0.056044 -0.438770 23.325525 0.052652 0.998414 -0.019906 90.942947 0.439190 -0.005249 0.898379 9.720580 0.000000 0.000000 0.000000 1.000000
0.890204 -0.051074 -0.452691 26.771675 0.046582 0.998692 -0.021075 89.921242 0.453175 -0.002326 0.891418 10.858016 0.000000 0.000000 0.000000 1.000000
0.883698 -0.047453 -0.465646 30.151428 0.038524 0.998846 -0.028680 89.447716 0.466470 0.007406 0.884506 11.670637 0.000000 0.000000 0.000000 1.000000
0.875067 -0.042760 -0.482109 33.229198 0.024509 0.998727 -0.044095 89.666466 0.483380 0.026770 0.875001 12.091871 0.000000 0.000000 0.000000 1.000000
0.862787 -0.036718 -0.504232 35.850262 0.004535 0.997881 -0.064905 90.507874 0.505546 0.053713 0.861126 12.049956 0.000000 0.000000 0.000000 1.000000
0.850029 -0.029845 -0.525889 38.085541 -0.017995 0.996165 -0.085621 91.771614 0.526428 0.082244 0.846233 11.549837 0.000000 0.000000 0.000000 1.000000
0.843325 -0.021731 -0.536964 40.051487 -0.039150 0.994043 -0.101714 93.216331 0.535975 0.106800 0.837451 10.714697 0.000000 0.000000 0.000000 1.000000
0.845715 -0.013510 -0.533464 41.762699 -0.054716 0.992215 -0.111871 94.613518 0.530823 0.123800 0.838392 9.697762 0.000000 0.000000 0.000000 1.000000
0.854482 -0.005766 -0.519449 43.185772 -0.063773 0.991210 -0.115909 95.705109 0.515551 0.132169 0.846604 8.584120 0.000000 0.000000 0.000000 1.000000
0.865520 -0.000121 -0.500874 44.403175 -0.065459 0.991396 -0.113354 96.426926 0.496578 0.130896 0.858065 7.489099 0.000000 0.000000 0.000000 1.000000
0.877639 0.001092 -0.479322 45.434235 -0.058396 0.992792 -0.104661 96.630028 0.475752 0.119845 0.871376 6.442369 0.000000 0.000000 0.000000 1.000000
0.891894 -0.004044 -0.452227 46.295361 -0.042170 0.994860 -0.092064 96.289162 0.450275 0.101182 0.887139 5.434258 0.000000 0.000000 0.000000 1.000000
0.908500 -0.015724 -0.417589 47.070084 -0.018726 0.996756 -0.078273 95.519470 0.417465 0.078930 0.905259 4.493896 0.000000 0.000000 0.000000 1.000000
0.925380 -0.032452 -0.377648 47.917408 0.008727 0.997888 -0.064367 94.528046 0.378939 0.056268 0.923709 3.627909 0.000000 0.000000 0.000000 1.000000
0.939689 -0.052155 -0.338030 49.054779 0.037580 0.998066 -0.049522 93.618599 0.339959 0.033832 0.939831 2.811979 0.000000 0.000000 0.000000 1.000000
0.949962 -0.072349 -0.303872 50.609917 0.065124 0.997303 -0.033858 93.097290 0.305502 0.012374 0.952111 2.115769 0.000000 0.000000 0.000000 1.000000
0.956301 -0.090391 -0.278061 52.474766 0.088097 0.995896 -0.020762 93.077797 0.278797 -0.004642 0.960339 1.672997 0.000000 0.000000 0.000000 1.000000</float_array><technique_common><accessor source="#mixamorig_Hips-Matrix-animation-output-transform-array" count="26" stride="16"><param type="float4x4"/></accessor></technique_common></source><source id="mixamorig_Hips-Interpolations"><Name_array id="mixamorig_Hips-Interpolations-array" count="26">
 LINEAR LINEAR LINEAR LINEAR LINEAR LINEAR LINEAR LINEAR LINEAR LINEAR LINEAR
LINEAR LINEAR LINEAR LINEAR LINEAR LINEAR LINEAR LINEAR LINEAR LINEAR LINEAR LINEAR
LINEAR LINEAR LINEAR</Name_array><technique_common><accessor source="#mixamorig_Hips-Interpolations-array" count="26"><param type="name"/></accessor></technique_common></source><sampler id="mixamorig_Hips-Matrix-animation-transform"><input semantic="INPUT" source="#mixamorig_Hips-Matrix-animation-input"/><input semantic="OUTPUT" source="#mixamorig_Hips-Matrix-animation-output-transform"/><input semantic="INTERPOLATION" source="#mixamorig_Hips-Interpolations"/></sampler><channel source="#mixamorig_Hips-Matrix-animation-transform" target="mixamorig_Hips/matrix"/></animation>
    <animation id="mixamorig_Spine-anim" name="mixamorig_Spine"><source id="mixamorig_Spine-Matrix-animation-input"><float_array id="mixamorig_Spine-Matrix-animation-input-array" count="26">

0.000000 0.033333 0.066667 0.100000 0.133333 0.166667 0.200000 0.233333 0.266667 0.300000 0.333333 0.366667 0.400000 0.433333 0.466667 0.500000
0.533333 0.566667 0.600000 0.633333 0.666667 0.700000 0.733333 0.766667 0.800000 0.833333</float_array><technique_common><accessor source="#mixamorig_Spine-Matrix-animation-input-array" count="26"><param name="TIME" type="float"/></accessor></technique_common></source><source id="mixamorig_Spine-Matrix-animation-output-transform"><float_array id="mixamorig_Spine-Matrix-animation-output-transform-array" count="416">

0.997490 -0.029380 0.064432 0.000000 0.040014 0.984539 -0.170533 10.181600 -0.058426 0.172683 0.983243 0.131500 0.000000 0.000000 0.000000 1.000000
0.997071 -0.041584 0.064183 0.000000 0.051745 0.984801 -0.165797 10.181600 -0.056313 0.168633 0.984069 0.131500 0.000000 0.000000 0.000000 1.000000
0.997030 -0.044591 0.062792 0.000000 0.054057 0.985926 -0.158198 10.181600 -0.054854 0.161123 0.985409 0.131500 0.000000 0.000000 0.000000 1.000000
0.997412 -0.038626 0.060646 0.000000 0.047388 0.987485 -0.150423 10.181600 -0.054077 0.152907 0.986760 0.131500 0.000000 0.000000 0.000000 1.000000
0.997930 -0.028725 0.057531 0.000000 0.036726 0.989007 -0.143234 10.181600 -0.052785 0.145051 0.988015 0.131500 0.000000 0.000000 0.000000 1.000000
0.998383 -0.019865 0.053256 -0.000000 0.026981 0.990284 -0.136418 10.181600 -0.050029 0.137634 0.989219 0.131500 0.000000 0.000000 0.000000 1.000000
0.998731 -0.013849 0.048430 0.000000 0.020032 0.991362 -0.129615 10.181600 -0.046217 0.130421 0.990381 0.131500 0.000000 0.000000 0.000000 1.000000
0.998982 -0.009636 0.044080 0.000000 0.014995 0.992304 -0.122912 10.181600 -0.042556 0.123447 0.991438 0.131500 0.000000 0.000000 0.000000 1.000000
0.999153 -0.004883 0.040847 0.000000 0.009673 0.992978 -0.117904 10.181600 -0.039985 0.118199 0.992185 0.131500 0.000000 0.000000 0.000000 1.000000
0.999241 0.001572 0.038929 0.000000 0.003014 0.993072 -0.117472 10.181600 -0.038844 0.117500 0.992313 0.131500 0.000000 0.000000 0.000000 1.000000
0.999219 0.008521 0.038596 -0.000000 -0.003722 0.992433 -0.122735 10.181600 -0.039349 0.122495 0.991689 0.131500 0.000000 0.000000 0.000000 1.000000
0.999052 0.014465 0.041068 0.000000 -0.008961 0.991320 -0.131167 10.181600 -0.042609 0.130675 0.990509 0.131500 0.000000 0.000000 0.000000 1.000000
0.998691 0.017984 0.047893 0.000000 -0.011193 0.990304 -0.138464 10.181600 -0.049919 0.137746 0.989209 0.131500 0.000000 0.000000 0.000000 1.000000
0.998134 0.019046 0.058009 0.000000 -0.010602 0.989734 -0.142530 10.181600 -0.060128 0.141649 0.988089 0.131500 0.000000 0.000000 0.000000 1.000000
0.997553 0.017140 0.067786 0.000000 -0.007090 0.989286 -0.145815 10.181600 -0.069559 0.144978 0.986987 0.131500 0.000000 0.000000 0.000000 1.000000
0.997242 0.011717 0.073292 0.000000 -0.000525 0.988549 -0.150902 10.181600 -0.074221 0.150447 0.985828 0.131500 0.000000 0.000000 0.000000 1.000000
0.997361 0.005421 0.072400 0.000000 0.006032 0.987575 -0.157031 10.181600 -0.072351 0.157053 0.984936 0.131500 0.000000 0.000000 0.000000 1.000000
0.997782 0.000414 0.066567 -0.000000 0.010402 0.986727 -0.162057 10.181600 -0.065751 0.162390 0.984534 0.131500 0.000000 0.000000 0.000000 1.000000
0.998265 -0.002087 0.058852 0.000000 0.011818 0.986141 -0.165489 10.181600 -0.057691 0.165897 0.984454 0.131500 0.000000 0.000000 0.000000 1.000000
0.998678 -0.003293 0.051288 0.000000 0.011871 0.985741 -0.167852 10.181600 -0.050004 0.168239 0.984477 0.131500 0.000000 0.000000 0.000000 1.000000
0.998953 -0.005306 0.045436 0.000000 0.012939 0.985464 -0.169389 10.181600 -0.043877 0.169799 0.984501 0.131500 0.000000 0.000000 0.000000 1.000000
0.999008 -0.009695 0.043459 0.000000 0.016933 0.985397 -0.169429 10.181600 -0.041182 0.169997 0.984584 0.131500 0.000000 0.000000 0.000000 1.000000
0.998767 -0.015381 0.047195 0.000000 0.023128 0.985467 -0.168287 10.181600 -0.043921 0.169171 0.984608 0.131500 0.000000 0.000000 0.000000 1.000000
0.998276 -0.019928 0.055203 0.000000 0.028977 0.985306 -0.168322 10.181600 -0.051037 0.169631 0.984185 0.131500 0.000000 0.000000 0.000000 1.000000
0.997775 -0.024047 0.062190 0.000000 0.034347 0.984799 -0.170266 10.181600 -0.057150 0.172023 0.983434 0.131500 0.000000 0.000000 0.000000 1.000000
0.997490 -0.029380 0.064432 0.000000 0.040014 0.984539 -0.170533 10.181600 -0.058426 0.172684 0.983243 0.131500 0.000000 0.000000 0.000000 1.000000</float_array><technique_common><accessor source="#mixamorig_Spine-Matrix-animation-output-transform-array" count="26" stride="16"><param type="float4x4"/></accessor></technique_common></source><source id="mixamorig_Spine-Interpolations"><Name_array id="mixamorig_Spine-Interpolations-array" count="26">
 LINEAR LINEAR LINEAR LINEAR LINEAR LINEAR LINEAR LINEAR LINEAR LINEAR LINEAR
LINEAR LINEAR LINEAR LINEAR LINEAR LINEAR LINEAR LINEAR LINEAR LINEAR LINEAR LINEAR
LINEAR LINEAR LINEAR</Name_array><technique_common><accessor source="#mixamorig_Spine-Interpolations-array" count="26"><param type="name"/></accessor></technique_common></source><sampler id="mixamorig_Spine-Matrix-animation-transform"><input semantic="INPUT" source="#mixamorig_Spine-Matrix-animation-input"/><input semantic="OUTPUT" source="#mixamorig_Spine-Matrix-animation-output-transform"/><input semantic="INTERPOLATION" source="#mixamorig_Spine-Interpolations"/></sampler><channel source="#mixamorig_Spine-Matrix-animation-transform" target="mixamorig_Spine/matrix"/></animation>
    <animation id="mixamorig_Spine1-anim" name="mixamorig_Spine1"><source id="mixamorig_Spine1-Matrix-animation-input"><float_array id="mixamorig_Spine1-Matrix-animation-input-array" count="26">

0.000000 0.033333 0.066667 0.100000 0.133333 0.166667 0.200000 0.233333 0.266667 0.300000 0.333333 0.366667 0.400000 0.433333 0.466667 0.500000
0.533333 0.566667 0.600000 0.633333 0.666667 0.700000 0.733333 0.766667 0.800000 0.833333</float_array><technique_common><accessor source="#mixamorig_Spine1-Matrix-animation-input-array" count="26"><param name="TIME" type="float"/></accessor></technique_common></source><source id="mixamorig_Spine1-Matrix-animation-output-transform"><float_array id="mixamorig_Spine1-Matrix-animation-output-transform-array" count="416">

0.998772 -0.018461 0.045966 0.000000 0.024196 0.991541 -0.127517 10.083500 -0.043223 0.128472 0.990771 -1.000800 0.000000 0.000000 0.000000 1.000000
0.998674 -0.024951 0.045034 -0.000000 0.030385 0.991776 -0.124327 10.083500 -0.041561 0.125530 0.991219 -1.000800 0.000000 0.000000 0.000000 1.000000
0.998680 -0.026770 0.043837 -0.000000 0.031820 0.992397 -0.118894 10.083500 -0.040321 0.120132 0.991939 -1.000800 0.000000 0.000000 0.000000 1.000000
0.998802 -0.023895 0.042694 0.000000 0.028595 0.993170 -0.113120 10.083500 -0.039699 0.114205 0.992664 -1.000800 0.000000 0.000000 0.000000 1.000000
0.998991 -0.018392 0.040977 0.000000 0.022716 0.993926 -0.107676 10.083500 -0.038748 0.108498 0.993341 -1.000800 0.000000 0.000000 0.000000 1.000000
0.999191 -0.012707 0.038160 0.000000 0.016565 0.994589 -0.102554 10.083500 -0.036651 0.103103 0.993995 -1.000800 0.000000 0.000000 0.000000 1.000000
0.999360 -0.008527 0.034745 -0.000000 0.011881 0.995165 -0.097493 10.083500 -0.033746 0.097844 0.994630 -1.000800 0.000000 0.000000 0.000000 1.000000
0.999483 -0.005614 0.031661 0.000000 0.008521 0.995681 -0.092451 10.083500 -0.031006 0.092673 0.995214 -1.000800 0.000000 0.000000 0.000000 1.000000
0.999564 -0.002339 0.029427 0.000000 0.004937 0.996061 -0.088528 10.083500 -0.029104 0.088635 0.995639 -1.000800 0.000000 0.000000 0.000000 1.000000
0.999601 0.002380 0.028144 0.000000 0.000103 0.996127 -0.087921 10.083500 -0.028245 0.087888 0.995730 -1.000800 0.000000 0.000000 0.000000 1.000000
0.999578 0.007956 0.027945 0.000000 -0.005364 0.995778 -0.091632 10.083500 -0.028556 0.091444 0.995401 -1.000800 0.000000 0.000000 0.000000 1.000000
0.999474 0.013158 0.029637 0.000000 -0.010197 0.995143 -0.097911 10.083500 -0.030781 0.097557 0.994754 -1.000800 0.000000 0.000000 0.000000 1.000000
0.999268 0.017061 0.034243 0.000000 -0.013430 0.994530 -0.103582 10.083500 -0.035823 0.103046 0.994031 -1.000800 0.000000 0.000000 0.000000 1.000000
0.998977 0.018815 0.041115 0.000000 -0.014322 0.994160 -0.106962 10.083500 -0.042887 0.106264 0.993413 -1.000800 0.000000 0.000000 0.000000 1.000000
0.998703 0.017486 0.047825 0.000000 -0.012146 0.993886 -0.109740 10.083500 -0.049452 0.109017 0.992809 -1.000800 0.000000 0.000000 0.000000 1.000000
0.998586 0.012690 0.051621 0.000000 -0.006745 0.993487 -0.113748 10.083500 -0.052728 0.113239 0.992168 -1.000800 0.000000 0.000000 0.000000 1.000000
0.998673 0.005879 0.051169 0.000000 0.000214 0.992982 -0.118261 10.083500 -0.051506 0.118115 0.991663 -1.000800 0.000000 0.000000 0.000000 1.000000
0.998867 -0.000538 0.047588 0.000000 0.006333 0.992545 -0.121716 10.083500 -0.047168 0.121879 0.991424 -1.000800 0.000000 0.000000 0.000000 1.000000
0.999071 -0.005190 0.042792 -0.000000 0.010463 0.992236 -0.123929 10.083500 -0.041817 0.124261 0.991368 -1.000800 0.000000 0.000000 0.000000 1.000000
0.999251 -0.008272 0.037792 0.000000 0.012960 0.992006 -0.125522 10.083500 -0.036452 0.125917 0.991371 -1.000800 0.000000 0.000000 0.000000 1.000000
0.999388 -0.010475 0.033374 -0.000000 0.014627 0.991833 -0.126701 10.083500 -0.031775 0.127112 0.991379 -1.000800 0.000000 0.000000 0.000000 1.000000
0.999433 -0.012476 0.031279 0.000000 0.016350 0.991789 -0.126839 10.083500 -0.029440 0.127278 0.991430 -1.000800 0.000000 0.000000 0.000000 1.000000
0.999344 -0.014128 0.033331 0.000000 0.018227 0.991856 -0.126050 10.083500 -0.031279 0.126575 0.991464 -1.000800 0.000000 0.000000 0.000000 1.000000
0.999130 -0.015046 0.038893 0.000000 0.019841 0.991830 -0.126010 10.083500 -0.036679 0.126672 0.991266 -1.000800 0.000000 0.000000 0.000000 1.000000
0.998894 -0.016206 0.044131 0.000000 0.021713 0.991625 -0.127315 10.083500 -0.041698 0.128133 0.990880 -1.000800 0.000000 0.000000 0.000000 1.000000
0.998772 -0.018461 0.045966 0.000000 0.024196 0.991541 -0.127517 10.083500 -0.043223 0.128472 0.990771 -1.000800 0.000000 0.000000 0.000000 1.000000</float_array><technique_common><accessor source="#mixamorig_Spine1-Matrix-animation-output-transform-array" count="26" stride="16"><param type="float4x4"/></accessor></technique_common></source><source id="mixamorig_Spine1-Interpolations"><Name_array id="mixamorig_Spine1-Interpolations-array" count="26">
 LINEAR LINEAR LINEAR LINEAR LINEAR LINEAR LINEAR LINEAR LINEAR LINEAR LINEAR
LINEAR LINEAR LINEAR LINEAR LINEAR LINEAR LINEAR LINEAR LINEAR LINEAR LINEAR LINEAR
LINEAR LINEAR LINEAR</Name_array><technique_common><accessor source="#mixamorig_Spine1-Interpolations-array" count="26"><param type="name"/></accessor></technique_common></source><sampler id="mixamorig_Spine1-Matrix-animation-transform"><input semantic="INPUT" source="#mixamorig_Spine1-Matrix-animation-input"/><input semantic="OUTPUT" source="#mixamorig_Spine1-Matrix-animation-output-transform"/><input semantic="INTERPOLATION" source="#mixamorig_Spine1-Interpolations"/></sampler><channel source="#mixamorig_Spine1-Matrix-animation-transform" target="mixamorig_Spine1/matrix"/></animation>
    <animation id="mixamorig_Spine2-anim" name="mixamorig_Spine2"><source id="mixamorig_Spine2-Matrix-animation-input"><float_array id="mixamorig_Spine2-Matrix-animation-input-array" count="26">

0.000000 0.033333 0.066667 0.100000 0.133333 0.166667 0.200000 0.233333 0.266667 0.300000 0.333333 0.366667 0.400000 0.433333 0.466667 0.500000
0.533333 0.566667 0.600000 0.633333 0.666667 0.700000 0.733333 0.766667 0.800000 0.833333</float_array><technique_common><accessor source="#mixamorig_Spine2-Matrix-animation-input-array" count="26"><param name="TIME" type="float"/></accessor></technique_common></source><source id="mixamorig_Spine2-Matrix-animation-output-transform"><float_array id="mixamorig_Spine2-Matrix-animation-output-transform-array" count="416">

0.998736 -0.018334 0.046792 0.000000 0.024162 0.991585 -0.127184 9.100000 -0.044066 0.128153 0.990775 -1.373400 0.000000 0.000000 0.000000 1.000000
0.998637 -0.024771 0.045944 -0.000000 0.030305 0.991823 -0.123972 9.100000 -0.042498 0.125195 0.991222 -1.373400 0.000000 0.000000 0.000000 1.000000
0.998649 -0.026552 0.044661 -0.000000 0.031690 0.992439 -0.118575 9.100000 -0.041175 0.119830 0.991940 -1.373400 0.000000 0.000000 0.000000 1.000000
0.998779 -0.023672 0.043370 0.000000 0.028440 0.993204 -0.112859 9.100000 -0.040403 0.113955 0.992664 -1.373400 0.000000 0.000000 0.000000 1.000000
0.998972 -0.018189 0.041525 -0.000000 0.022565 0.993952 -0.107474 9.100000 -0.039319 0.108301 0.993340 -1.373400 0.000000 0.000000 0.000000 1.000000
0.999176 -0.012536 0.038595 0.000000 0.016434 0.994605 -0.102420 9.100000 -0.037103 0.102970 0.993992 -1.373400 0.000000 0.000000 0.000000 1.000000
0.999350 -0.008388 0.035063 -0.000000 0.011771 0.995172 -0.097433 9.100000 -0.034077 0.097783 0.994624 -1.373400 0.000000 0.000000 0.000000 1.000000
0.999476 -0.005503 0.031885 0.000000 0.008432 0.995682 -0.092447 9.100000 -0.031239 0.092668 0.995207 -1.373400 0.000000 0.000000 0.000000 1.000000
0.999560 -0.002276 0.029586 0.000000 0.004889 0.996059 -0.088555 9.100000 -0.029268 0.088660 0.995632 -1.373400 0.000000 0.000000 0.000000 1.000000
0.999598 0.002362 0.028245 0.000000 0.000132 0.996122 -0.087978 9.100000 -0.028343 0.087946 0.995722 -1.373400 0.000000 0.000000 0.000000 1.000000
0.999579 0.007854 0.027943 -0.000000 -0.005259 0.995769 -0.091741 9.100000 -0.028546 0.091555 0.995391 -1.373400 0.000000 0.000000 0.000000 1.000000
0.999482 0.013016 0.029425 -0.000000 -0.010071 0.995127 -0.098084 9.100000 -0.030558 0.097737 0.994743 -1.373400 0.000000 0.000000 0.000000 1.000000
0.999287 0.016933 0.033736 -0.000000 -0.013346 0.994505 -0.103833 9.100000 -0.035309 0.103308 0.994022 -1.373400 0.000000 0.000000 0.000000 1.000000
0.999011 0.018720 0.040341 -0.000000 -0.014295 0.994123 -0.107312 9.100000 -0.042113 0.106629 0.993407 -1.373400 0.000000 0.000000 0.000000 1.000000
0.998749 0.017418 0.046873 0.000000 -0.012161 0.993836 -0.110189 9.100000 -0.048503 0.109481 0.992805 -1.373400 0.000000 0.000000 0.000000 1.000000
0.998639 0.012656 0.050599 0.000000 -0.006801 0.993430 -0.114239 9.100000 -0.051713 0.113739 0.992164 -1.373400 0.000000 0.000000 0.000000 1.000000
0.998720 0.005884 0.050236 0.000000 0.000120 0.992932 -0.118686 9.100000 -0.050580 0.118540 0.991660 -1.373400 0.000000 0.000000 0.000000 1.000000
0.998898 -0.000502 0.046923 0.000000 0.006229 0.992512 -0.121988 9.100000 -0.046511 0.122146 0.991422 -1.373400 0.000000 0.000000 0.000000 1.000000
0.999084 -0.005134 0.042476 0.000000 0.010372 0.992223 -0.124037 9.100000 -0.041509 0.124364 0.991368 -1.373400 0.000000 0.000000 0.000000 1.000000
0.999255 -0.008200 0.037724 0.000000 0.012879 0.992006 -0.125528 9.100000 -0.036393 0.125920 0.991373 -1.373400 0.000000 0.000000 0.000000 1.000000
0.999390 -0.010407 0.033328 0.000000 0.014553 0.991836 -0.126686 9.100000 -0.031738 0.127093 0.991383 -1.373400 0.000000 0.000000 0.000000 1.000000
0.999438 -0.012424 0.031126 0.000000 0.016279 0.991790 -0.126837 9.100000 -0.029294 0.127273 0.991435 -1.373400 0.000000 0.000000 0.000000 1.000000
0.999352 -0.014084 0.033136 0.000000 0.018159 0.991856 -0.126060 9.100000 -0.031091 0.126580 0.991469 -1.373400 0.000000 0.000000 0.000000 1.000000
0.999132 -0.015004 0.038867 0.000000 0.019796 0.991835 -0.125982 9.100000 -0.036660 0.126642 0.991271 -1.373400 0.000000 0.000000 0.000000 1.000000
0.998878 -0.016147 0.044517 0.000000 0.021696 0.991646 -0.127148 9.100000 -0.042092 0.127971 0.990884 -1.373400 0.000000 0.000000 0.000000 1.000000
0.998736 -0.018334 0.046792 0.000000 0.024162 0.991585 -0.127183 9.100000 -0.044066 0.128153 0.990775 -1.373400 0.000000 0.000000 0.000000 1.000000</float_array><technique_common><accessor source="#mixamorig_Spine2-Matrix-animation-output-transform-array" count="26" stride="16"><param type="float4x4"/></accessor></technique_common></source><source id="mixamorig_Spine2-Interpolations"><Name_array id="mixamorig_Spine2-Interpolations-array" count="26">
 LINEAR LINEAR LINEAR LINEAR LINEAR LINEAR LINEAR LINEAR LINEAR LINEAR LINEAR
LINEAR LINEAR LINEAR LINEAR LINEAR LINEAR LINEAR LINEAR LINEAR LINEAR LINEAR LINEAR
LINEAR LINEAR LINEAR</Name_array><technique_common><accessor source="#mixamorig_Spine2-Interpolations-array" count="26"><param type="name"/></accessor></technique_common></source><sampler id="mixamorig_Spine2-Matrix-animation-transform"><input semantic="INPUT" source="#mixamorig_Spine2-Matrix-animation-input"/><input semantic="OUTPUT" source="#mixamorig_Spine2-Matrix-animation-output-transform"/><input semantic="INTERPOLATION" source="#mixamorig_Spine2-Interpolations"/></sampler><channel source="#mixamorig_Spine2-Matrix-animation-transform" target="mixamorig_Spine2/matrix"/></animation>
    <animation id="mixamorig_Neck-anim" name="mixamorig_Neck"><source id="mixamorig_Neck-Matrix-animation-input"><float_array id="mixamorig_Neck-Matrix-animation-input-array" count="26">

0.000000 0.033333 0.066667 0.100000 0.133333 0.166667 0.200000 0.233333 0.266667 0.300000 0.333333 0.366667 0.400000 0.433333 0.466667 0.500000
0.533333 0.566667 0.600000 0.633333 0.666667 0.700000 0.733333 0.766667 0.800000 0.833333</float_array><technique_common><accessor source="#mixamorig_Neck-Matrix-animation-input-array" count="26"><param name="TIME" type="float"/></accessor></technique_common></source><source id="mixamorig_Neck-Matrix-animation-output-transform"><float_array id="mixamorig_Neck-Matrix-animation-output-transform-array" count="416">

0.992476 0.074889 0.096862 0.000000 -0.061449 0.988941 -0.134980 16.671700 -0.105900 0.128012 0.986102 -2.516200 0.000000 0.000000 0.000000 1.000000
0.991893 0.080979 0.097928 0.000000 -0.067140 0.988269 -0.137170 16.671700 -0.107887 0.129483 0.985695 -2.516200 0.000000 0.000000 0.000000 1.000000
0.991923 0.080396 0.098104 0.000000 -0.066372 0.988112 -0.138669 16.671700 -0.108086 0.131038 0.985468 -2.516200 0.000000 0.000000 0.000000 1.000000
0.992622 0.072821 0.096949 0.000000 -0.058919 0.988504 -0.139242 16.671700 -0.105974 0.132502 0.985501 -2.516200 0.000000 0.000000 0.000000 1.000000
0.993668 0.060865 0.094443 0.000000 -0.047263 0.989007 -0.140111 16.671700 -0.101932 0.134761 0.985621 -2.516200 0.000000 0.000000 0.000000 1.000000
0.994592 0.049301 0.091409 -0.000000 -0.035993 0.989227 -0.141899 16.671700 -0.097420 0.137842 0.985652 -2.516200 0.000000 0.000000 0.000000 1.000000
0.995100 0.042333 0.089348 0.000000 -0.029130 0.989119 -0.144204 16.671700 -0.094481 0.140895 0.985506 -2.516200 0.000000 0.000000 0.000000 1.000000
0.995220 0.040236 0.088984 0.000000 -0.026990 0.989013 -0.145342 16.671700 -0.093854 0.142246 0.985372 -2.516200 0.000000 0.000000 0.000000 1.000000
0.995281 0.038411 0.089105 0.000000 -0.025337 0.989330 -0.143469 16.671700 -0.093665 0.140534 0.985635 -2.516200 0.000000 0.000000 0.000000 1.000000
0.995632 0.031962 0.087722 -0.000000 -0.019652 0.990270 -0.137763 16.671700 -0.091271 0.135437 0.986573 -2.516200 0.000000 0.000000 0.000000 1.000000
0.996151 0.022430 0.084732 0.000000 -0.011352 0.991577 -0.129021 16.671700 -0.086912 0.127563 0.988015 -2.516200 0.000000 0.000000 0.000000 1.000000
0.996517 0.015283 0.081979 0.000000 -0.005288 0.992665 -0.120784 16.671700 -0.083223 0.119930 0.989288 -2.516200 0.000000 0.000000 0.000000 1.000000
0.996535 0.014963 0.081816 0.000000 -0.005222 0.993000 -0.117996 16.671700 -0.083009 0.117160 0.989638 -2.516200 0.000000 0.000000 0.000000 1.000000
0.996122 0.022333 0.085102 0.000000 -0.011852 0.992493 -0.121724 16.671700 -0.087182 0.120243 0.988909 -2.516200 0.000000 0.000000 0.000000 1.000000
0.995315 0.034558 0.090298 0.000000 -0.022920 0.991653 -0.126883 16.671700 -0.093929 0.124219 0.987799 -2.516200 0.000000 0.000000 0.000000 1.000000
0.994290 0.047866 0.095371 0.000000 -0.035265 0.990929 -0.129676 16.671700 -0.100713 0.125572 0.986959 -2.516200 0.000000 0.000000 0.000000 1.000000
0.993388 0.058124 0.099006 0.000000 -0.044782 0.990235 -0.132018 16.671700 -0.105713 0.126711 0.986291 -2.516200 0.000000 0.000000 0.000000 1.000000
0.992945 0.062576 0.100723 0.000000 -0.048470 0.989403 -0.136863 16.671700 -0.108220 0.131015 0.985456 -2.516200 0.000000 0.000000 0.000000 1.000000
0.992795 0.063869 0.101385 0.000000 -0.048987 0.988505 -0.143030 16.671700 -0.109355 0.137033 0.984512 -2.516200 0.000000 0.000000 0.000000 1.000000
0.992353 0.068651 0.102579 -0.000000 -0.053134 0.987708 -0.147004 16.671700 -0.111410 0.140429 0.983803 -2.516200 0.000000 0.000000 0.000000 1.000000
0.991231 0.080283 0.104957 0.000000 -0.064383 0.987045 -0.146960 16.671700 -0.115395 0.138914 0.983558 -2.516200 0.000000 0.000000 0.000000 1.000000
0.989722 0.094462 0.107364 0.000000 -0.078594 0.986530 -0.143464 16.671700 -0.119470 0.133551 0.983815 -2.516200 0.000000 0.000000 0.000000 1.000000
0.988917 0.102312 0.107588 0.000000 -0.086978 0.986513 -0.138662 16.671700 -0.120324 0.127767 0.984478 -2.516200 0.000000 0.000000 0.000000 1.000000
0.989682 0.097999 0.104530 0.000000 -0.083513 0.987327 -0.134950 16.671700 -0.116430 0.124828 0.985323 -2.516200 0.000000 0.000000 0.000000 1.000000
0.991355 0.085098 0.099871 0.000000 -0.071369 0.988435 -0.133800 16.671700 -0.110102 0.125515 0.985963 -2.516200 0.000000 0.000000 0.000000 1.000000
0.992476 0.074889 0.096862 0.000000 -0.061449 0.988941 -0.134980 16.671700 -0.105900 0.128012 0.986103 -2.516200 0.000000 0.000000 0.000000 1.000000</float_array><technique_common><accessor source="#mixamorig_Neck-Matrix-animation-output-transform-array" count="26" stride="16"><param type="float4x4"/></accessor></technique_common></source><source id="mixamorig_Neck-Interpolations"><Name_array id="mixamorig_Neck-Interpolations-array" count="26">
 LINEAR LINEAR LINEAR LINEAR LINEAR LINEAR LINEAR LINEAR LINEAR LINEAR LINEAR
LINEAR LINEAR LINEAR LINEAR LINEAR LINEAR LINEAR LINEAR LINEAR LINEAR LINEAR LINEAR
LINEAR LINEAR LINEAR</Name_array><technique_common><accessor source="#mixamorig_Neck-Interpolations-array" count="26"><param type="name"/></accessor></technique_common></source><sampler id="mixamorig_Neck-Matrix-animation-transform"><input semantic="INPUT" source="#mixamorig_Neck-Matrix-animation-input"/><input semantic="OUTPUT" source="#mixamorig_Neck-Matrix-animation-output-transform"/><input semantic="INTERPOLATION" source="#mixamorig_Neck-Interpolations"/></sampler><channel source="#mixamorig_Neck-Matrix-animation-transform" target="mixamorig_Neck/matrix"/></animation>
    <animation id="mixamorig_Head-anim" name="mixamorig_Head"><source id="mixamorig_Head-Matrix-animation-input"><float_array id="mixamorig_Head-Matrix-animation-input-array" count="26">

0.000000 0.033333 0.066667 0.100000 0.133333 0.166667 0.200000 0.233333 0.266667 0.300000 0.333333 0.366667 0.400000 0.433333 0.466667 0.500000
0.533333 0.566667 0.600000 0.633333 0.666667 0.700000 0.733333 0.766667 0.800000 0.833333</float_array><technique_common><accessor source="#mixamorig_Head-Matrix-animation-input-array" count="26"><param name="TIME" type="float"/></accessor></technique_common></source><source id="mixamorig_Head-Matrix-animation-output-transform"><float_array id="mixamorig_Head-Matrix-animation-output-transform-array" count="416">

0.999402 0.021357 0.027177 -0.000000 -0.019592 0.997781 -0.063635 9.617900 -0.028476 0.063064 0.997603 1.685000 0.000000 0.000000 0.000000 1.000000
0.999352 0.025869 0.025025 0.000000 -0.023557 0.995785 -0.088639 9.617900 -0.027212 0.087992 0.995749 1.685000 0.000000 0.000000 0.000000 1.000000
0.999212 0.029902 0.026114 -0.000000 -0.027040 0.994231 -0.103798 9.617900 -0.029067 0.103010 0.994256 1.685000 0.000000 0.000000 0.000000 1.000000
0.998881 0.036771 0.029740 0.000000 -0.033540 0.994149 -0.102681 9.617900 -0.033342 0.101568 0.994270 1.685000 0.000000 0.000000 0.000000 1.000000
0.998359 0.046960 0.032772 -0.000000 -0.043895 0.995091 -0.088698 9.617900 -0.036776 0.087114 0.995519 1.685000 0.000000 0.000000 0.000000 1.000000
0.997764 0.057816 0.033545 0.000000 -0.055349 0.995988 -0.070315 9.617900 -0.037476 0.068301 0.996961 1.685000 0.000000 0.000000 0.000000 1.000000
0.997306 0.064693 0.034588 0.000000 -0.062762 0.996553 -0.054253 9.617900 -0.037979 0.051936 0.997928 1.685000 0.000000 0.000000 0.000000 1.000000
0.996989 0.067315 0.038499 0.000000 -0.065648 0.996914 -0.043042 9.617900 -0.041278 0.040385 0.998331 1.685000 0.000000 0.000000 0.000000 1.000000
0.996483 0.071642 0.043471 0.000000 -0.070193 0.996954 -0.033984 9.617900 -0.045773 0.030813 0.998477 1.685000 0.000000 0.000000 0.000000 1.000000
0.995667 0.081680 0.044456 0.000000 -0.080730 0.996476 -0.022783 9.617900 -0.046160 0.019095 0.998752 1.685000 0.000000 0.000000 0.000000 1.000000
0.995023 0.091651 0.039116 0.000000 -0.091349 0.995774 -0.009420 9.617900 -0.039814 0.005800 0.999190 1.685000 0.000000 0.000000 0.000000 1.000000
0.995233 0.092434 0.031101 0.000000 -0.092582 0.995699 0.003354 9.617900 -0.030658 -0.006217 0.999511 1.685000 0.000000 0.000000 0.000000 1.000000
0.996227 0.081918 0.028652 0.000000 -0.082316 0.996522 0.012977 9.617900 -0.027490 -0.015287 0.999505 1.685000 0.000000 0.000000 0.000000 1.000000
0.996997 0.068011 0.037047 0.000000 -0.068748 0.997453 0.018993 9.617900 -0.035661 -0.021483 0.999133 1.685000 0.000000 0.000000 0.000000 1.000000
0.996966 0.057888 0.052031 -0.000000 -0.059145 0.997986 0.022937 9.617900 -0.050598 -0.025945 0.998382 1.685000 0.000000 0.000000 0.000000 1.000000
0.996600 0.050048 0.065451 0.000000 -0.051762 0.998352 0.024760 9.617900 -0.064104 -0.028063 0.997549 1.685000 0.000000 0.000000 0.000000 1.000000
0.996452 0.040971 0.073522 0.000000 -0.042869 0.998782 0.024430 9.617900 -0.072432 -0.027495 0.996994 1.685000 0.000000 0.000000 0.000000 1.000000
0.996575 0.030547 0.076841 -0.000000 -0.032373 0.999220 0.022630 9.617900 -0.076090 -0.025040 0.996787 1.685000 0.000000 0.000000 0.000000 1.000000
0.996830 0.019369 0.077163 -0.000000 -0.020831 0.999618 0.018183 9.617900 -0.076781 -0.019732 0.996853 1.685000 0.000000 0.000000 0.000000 1.000000
0.997109 0.006304 0.075728 0.000000 -0.006981 0.999938 0.008688 9.617900 -0.075669 -0.009192 0.997091 1.685000 0.000000 0.000000 0.000000 1.000000
0.997327 -0.009268 0.072472 0.000000 0.009804 0.999927 -0.007037 9.617900 -0.072402 0.007729 0.997346 1.685000 0.000000 0.000000 0.000000 1.000000
0.997537 -0.024097 0.065867 0.000000 0.025902 0.999308 -0.026694 9.617900 -0.065178 0.028334 0.997471 1.685000 0.000000 0.000000 0.000000 1.000000
0.998015 -0.031243 0.054673 0.000000 0.033647 0.998481 -0.043619 9.617900 -0.053227 0.045372 0.997551 1.685000 0.000000 0.000000 0.000000 1.000000
0.998859 -0.024342 0.041092 0.000000 0.026466 0.998298 -0.051965 9.617900 -0.039757 0.052993 0.997803 1.685000 0.000000 0.000000 0.000000 1.000000
0.999522 -0.003351 0.030730 0.000000 0.005038 0.998475 -0.054980 9.617900 -0.030498 0.055108 0.998014 1.685000 0.000000 0.000000 0.000000 1.000000
0.999402 0.021357 0.027177 0.000000 -0.019592 0.997781 -0.063635 9.617900 -0.028476 0.063064 0.997603 1.685000 0.000000 0.000000 0.000000 1.000000</float_array><technique_common><accessor source="#mixamorig_Head-Matrix-animation-output-transform-array" count="26" stride="16"><param type="float4x4"/></accessor></technique_common></source><source id="mixamorig_Head-Interpolations"><Name_array id="mixamorig_Head-Interpolations-array" count="26">
 LINEAR LINEAR LINEAR LINEAR LINEAR LINEAR LINEAR LINEAR LINEAR LINEAR LINEAR
LINEAR LINEAR LINEAR LINEAR LINEAR LINEAR LINEAR LINEAR LINEAR LINEAR LINEAR LINEAR
LINEAR LINEAR LINEAR</Name_array><technique_common><accessor source="#mixamorig_Head-Interpolations-array" count="26"><param type="name"/></accessor></technique_common></source><sampler id="mixamorig_Head-Matrix-animation-transform"><input semantic="INPUT" source="#mixamorig_Head-Matrix-animation-input"/><input semantic="OUTPUT" source="#mixamorig_Head-Matrix-animation-output-transform"/><input semantic="INTERPOLATION" source="#mixamorig_Head-Interpolations"/></sampler><channel source="#mixamorig_Head-Matrix-animation-transform" target="mixamorig_Head/matrix"/></animation>
    <animation id="mixamorig_LeftShoulder-anim" name="mixamorig_LeftShoulder"><source id="mixamorig_LeftShoulder-Matrix-animation-input"><float_array id="mixamorig_LeftShoulder-Matrix-animation-input-array" count="26">

0.000000 0.033333 0.066667 0.100000 0.133333 0.166667 0.200000 0.233333 0.266667 0.300000 0.333333 0.366667 0.400000 0.433333 0.466667 0.500000
0.533333 0.566667 0.600000 0.633333 0.666667 0.700000 0.733333 0.766667 0.800000 0.833333</float_array><technique_common><accessor source="#mixamorig_LeftShoulder-Matrix-animation-input-array" count="26"><param name="TIME" type="float"/></accessor></technique_common></source><source id="mixamorig_LeftShoulder-Matrix-animation-output-transform"><float_array id="mixamorig_LeftShoulder-Matrix-animation-output-transform-array" count="416">

0.987738 0.153570 0.028120 4.570400 -0.151387 0.986138 -0.067928 10.946000 -0.038162 0.062838 0.997294 -2.628000 0.000000 0.000000 0.000000 1.000000
0.987615 0.151553 0.040597 4.570400 -0.148731 0.986719 -0.065301 10.946000 -0.049954 0.058454 0.997039 -2.628000 0.000000 0.000000 0.000000 1.000000
0.988883 0.140285 0.049307 4.570400 -0.137180 0.988632 -0.061557 10.946000 -0.057382 0.054108 0.996885 -2.628000 0.000000 0.000000 0.000000 1.000000
0.991128 0.123226 0.049813 4.570400 -0.120285 0.991028 -0.058272 10.946000 -0.056546 0.051763 0.997057 -2.628000 0.000000 0.000000 0.000000 1.000000
0.993472 0.106417 0.041084 4.570400 -0.103999 0.992937 -0.057095 10.946000 -0.046870 0.052449 0.997523 -2.628000 0.000000 0.000000 0.000000 1.000000
0.995222 0.093914 0.026703 4.570400 -0.092244 0.994040 -0.058094 10.946000 -0.032000 0.055353 0.997954 -2.628000 0.000000 0.000000 0.000000 1.000000
0.996233 0.085656 0.013526 4.570400 -0.084708 0.994621 -0.059607 10.946000 -0.018559 0.058237 0.998130 -2.628000 0.000000 0.000000 0.000000 1.000000
0.996786 0.079780 0.007211 4.570400 -0.079208 0.995058 -0.059888 10.946000 -0.011954 0.059124 0.998179 -2.628000 0.000000 0.000000 0.000000 1.000000
0.997094 0.075710 0.008496 4.570400 -0.075086 0.995455 -0.058585 10.946000 -0.012893 0.057777 0.998246 -2.628000 0.000000 0.000000 0.000000 1.000000
0.997076 0.075229 0.013389 4.570400 -0.074354 0.995605 -0.056937 10.946000 -0.017613 0.055775 0.998288 -2.628000 0.000000 0.000000 0.000000 1.000000
0.996598 0.080505 0.017637 4.570400 -0.079397 0.995245 -0.056415 10.946000 -0.022094 0.054823 0.998252 -2.628000 0.000000 0.000000 0.000000 1.000000
0.995714 0.090097 0.020865 4.570400 -0.088787 0.994422 -0.056929 10.946000 -0.025878 0.054832 0.998160 -2.628000 0.000000 0.000000 0.000000 1.000000
0.994889 0.097607 0.025854 4.570400 -0.096023 0.993763 -0.056696 10.946000 -0.031227 0.053924 0.998057 -2.628000 0.000000 0.000000 0.000000 1.000000
0.994760 0.097207 0.031674 4.570400 -0.095377 0.993925 -0.054916 10.946000 -0.036820 0.051607 0.997988 -2.628000 0.000000 0.000000 0.000000 1.000000
0.995362 0.091103 0.030905 4.570400 -0.089360 0.994549 -0.053736 10.946000 -0.035632 0.050725 0.998077 -2.628000 0.000000 0.000000 0.000000 1.000000
0.996168 0.085651 0.017674 4.570400 -0.084548 0.994856 -0.055796 10.946000 -0.022362 0.054088 0.998286 -2.628000 0.000000 0.000000 0.000000 1.000000
0.996597 0.082280 -0.004927 4.570400 -0.082427 0.994746 -0.060707 10.946000 -0.000094 0.060907 0.998143 -2.628000 0.000000 0.000000 0.000000 1.000000
0.996551 0.078570 -0.026697 4.570400 -0.080175 0.994619 -0.065605 10.946000 0.021399 0.067519 0.997488 -2.628000 0.000000 0.000000 0.000000 1.000000
0.996316 0.075964 -0.039789 4.570400 -0.078573 0.994536 -0.068733 10.946000 0.034351 0.071606 0.996841 -2.628000 0.000000 0.000000 0.000000 1.000000
0.995676 0.081108 -0.045275 4.570400 -0.084202 0.993900 -0.071218 10.946000 0.039223 0.074722 0.996433 -2.628000 0.000000 0.000000 0.000000 1.000000
0.993877 0.099181 -0.048695 4.570400 -0.102660 0.991879 -0.075077 10.946000 0.040854 0.079616 0.995988 -2.628000 0.000000 0.000000 0.000000 1.000000
0.990525 0.127394 -0.051286 4.570400 -0.131231 0.988109 -0.080119 10.946000 0.040470 0.086090 0.995465 -2.628000 0.000000 0.000000 0.000000 1.000000
0.986695 0.155295 -0.048125 4.570400 -0.158913 0.983736 -0.083729 10.946000 0.034339 0.090262 0.995326 -2.628000 0.000000 0.000000 0.000000 1.000000
0.984770 0.170738 -0.032823 4.570400 -0.172925 0.981435 -0.082963 10.946000 0.018049 0.087375 0.996012 -2.628000 0.000000 0.000000 0.000000 1.000000
0.985740 0.168220 -0.004289 4.570400 -0.168050 0.982780 -0.076827 10.946000 -0.008709 0.076452 0.997035 -2.628000 0.000000 0.000000 0.000000 1.000000
0.987738 0.153570 0.028120 4.570400 -0.151387 0.986138 -0.067928 10.946000 -0.038162 0.062838 0.997294 -2.628000 0.000000 0.000000 0.000000 1.000000</float_array><technique_common><accessor source="#mixamorig_LeftShoulder-Matrix-animation-output-transform-array" count="26" stride="16"><param type="float4x4"/></accessor></technique_common></source><source id="mixamorig_LeftShoulder-Interpolations"><Name_array id="mixamorig_LeftShoulder-Interpolations-array" count="26">
 LINEAR LINEAR LINEAR LINEAR LINEAR LINEAR LINEAR LINEAR LINEAR LINEAR LINEAR
LINEAR LINEAR LINEAR LINEAR LINEAR LINEAR LINEAR LINEAR LINEAR LINEAR LINEAR LINEAR
