<?xml version="1.0" encoding="utf-8"?>
<COLLADA xmlns="http://www.collada.org/2005/11/COLLADASchema" version="1.4.1">
  <asset><contributor><author>Mixamo</author><authoring_tool>COLLADA Mixamo exporter</authoring_tool><comments></comments></contributor><created>2019-01-22T20:25:50Z</created><modified>2019-01-22T20:25:50Z</modified><revision></revision><title></title><unit meter="0.010000"/><up_axis>Y_UP</up_axis></asset>
  <library_animations>
    <animation id="mixamorig_Hips-anim" name="mixamorig_Hips"><source id="mixamorig_Hips-Matrix-animation-input"><float_array id="mixamorig_Hips-Matrix-animation-input-array" count="63">

0.000000 0.033333 0.066667 0.100000 0.133333 0.166667 0.200000 0.233333 0.266667 0.300000 0.333333 0.366667 0.400000 0.433333 0.466667 0.500000
0.533333 0.566667 0.600000 0.633333 0.666667 0.700000 0.733333 0.766667 0.800000 0.833333 0.866667 0.900000 0.933333 0.966667 1.000000 1.033333
1.066667 1.100000 1.133333 1.166667 1.200000 1.233333 1.266667 1.300000 1.333333 1.366667 1.400000 1.433333 1.466667 1.500000 1.533333 1.566667
1.600000 1.633333 1.666667 1.700000 1.733333 1.766667 1.800000 1.833333 1.866667 1.900000 1.933333 1.966667 2.000000 2.033333 2.066667</float_array><technique_common><accessor source="#mixamorig_Hips-Matrix-animation-input-array" count="63"><param name="TIME" type="float"/></accessor></technique_common></source><source id="mixamorig_Hips-Matrix-animation-output-transform"><float_array id="mixamorig_Hips-Matrix-animation-output-transform-array" count="1008">

0.699369 0.008673 -0.714708 -1.158024 0.018956 0.999350 0.030676 92.897354 0.714509 -0.035001 0.698750 1.267226 0.000000 0.000000 0.000000 1.000000
0.689113 0.009296 -0.724594 -0.836065 0.021261 0.999228 0.033039 92.229187 0.724342 -0.038173 0.688384 2.464335 0.000000 0.000000 0.000000 1.000000
0.675396 0.008398 -0.737407 -0.478424 0.025020 0.999099 0.034295 91.413284 0.737031 -0.041613 0.674577 3.827517 0.000000 0.000000 0.000000 1.000000
0.659662 0.005908 -0.751539 0.018547 0.030549 0.998932 0.034667 90.225693 0.750942 -0.045828 0.658777 5.611738 0.000000 0.000000 0.000000 1.000000
0.640513 -0.000601 -0.767947 0.668914 0.038494 0.998768 0.031325 88.907623 0.766982 -0.049626 0.639747 7.833573 0.000000 0.000000 0.000000 1.000000
0.615891 -0.012085 -0.787739 1.448314 0.048818 0.998546 0.022850 87.644516 0.786317 -0.052529 0.615586 10.450794 0.000000 0.000000 0.000000 1.000000
0.588459 -0.025998 -0.808109 2.228378 0.057635 0.998289 0.009853 86.679939 0.806470 -0.052373 0.588951 13.369133 0.000000 0.000000 0.000000 1.000000
0.567657 -0.038383 -0.822370 2.827439 0.057472 0.998323 -0.006924 86.182327 0.821256 -0.043333 0.568911 16.660576 0.000000 0.000000 0.000000 1.000000
0.575427 -0.048234 -0.816430 3.139855 0.045474 0.998602 -0.026946 86.107941 0.816588 -0.021620 0.576816 20.574656 0.000000 0.000000 0.000000 1.000000
0.624576 -0.051450 -0.779268 3.290560 0.023388 0.998612 -0.047187 86.145966 0.780614 0.011246 0.624912 25.577320 0.000000 0.000000 0.000000 1.000000
0.709023 -0.040408 -0.704027 3.364960 -0.001481 0.998269 -0.058787 86.192139 0.705184 0.042724 0.707736 31.512426 0.000000 0.000000 0.000000 1.000000
0.806189 -0.014902 -0.591470 3.532778 -0.020498 0.998379 -0.053093 86.139641 0.591302 0.054926 0.804577 37.905708 0.000000 0.000000 0.000000 1.000000
0.895105 0.006296 -0.445811 3.896261 -0.021501 0.999347 -0.029055 86.069923 0.445337 0.035593 0.894655 43.890171 0.000000 0.000000 0.000000 1.000000
0.961538 0.004978 -0.274629 4.529851 -0.002720 0.999959 0.008601 85.889015 0.274660 -0.007523 0.961512 48.759750 0.000000 0.000000 0.000000 1.000000
0.993573 -0.016178 -0.112033 5.357798 0.021821 0.998544 0.049323 85.740952 0.111072 -0.051451 0.992480 52.239258 0.000000 0.000000 0.000000 1.000000
0.999121 -0.041798 0.003290 6.076749 0.041430 0.996285 0.075493 85.784836 -0.006433 -0.075291 0.997141 54.391468 0.000000 0.000000 0.000000 1.000000
0.994738 -0.064132 0.079903 6.438325 0.058212 0.995533 0.074339 86.058739 -0.084313 -0.069296 0.994027 55.941162 0.000000 0.000000 0.000000 1.000000
0.985430 -0.076664 0.151821 6.451270 0.069576 0.996248 0.051466 86.378647 -0.155197 -0.040153 0.987067 57.437557 0.000000 0.000000 0.000000 1.000000
0.972675 -0.068468 0.221844 6.302548 0.063983 0.997576 0.027349 86.913910 -0.223179 -0.012408 0.974699 58.999859 0.000000 0.000000 0.000000 1.000000
0.965403 -0.041608 0.257421 6.140759 0.039057 0.999124 0.015019 87.853271 -0.257821 -0.004445 0.966183 60.451664 0.000000 0.000000 0.000000 1.000000
0.971560 -0.008533 0.236641 6.084093 0.006581 0.999937 0.009039 88.940674 -0.236703 -0.007224 0.971555 61.532997 0.000000 0.000000 0.000000 1.000000
0.985065 0.023748 0.170535 6.264782 -0.023982 0.999712 -0.000689 89.897774 -0.170502 -0.003411 0.985351 62.223911 0.000000 0.000000 0.000000 1.000000
0.995020 0.054689 0.083329 6.730072 -0.053690 0.998457 -0.014177 90.577629 -0.083976 0.009632 0.996421 62.542122 0.000000 0.000000 0.000000 1.000000
0.996294 0.084973 -0.013302 7.410890 -0.085263 0.996093 -0.022995 90.916283 0.011296 0.024044 0.999647 62.411884 0.000000 0.000000 0.000000 1.000000
0.986458 0.111917 -0.119893 8.229530 -0.115148 0.993140 -0.020342 90.896523 0.116794 0.033872 0.992578 61.832764 0.000000 0.000000 0.000000 1.000000
0.963551 0.131301 -0.233085 9.140136 -0.136404 0.990636 -0.005838 90.543365 0.230136 0.037419 0.972439 60.993092 0.000000 0.000000 0.000000 1.000000
0.929358 0.142345 -0.340634 10.040549 -0.145349 0.989237 0.016828 89.870285 0.339363 0.033872 0.940045 60.119770 0.000000 0.000000 0.000000 1.000000
0.890358 0.148030 -0.430523 10.757212 -0.143251 0.988721 0.043705 88.925507 0.432136 0.022760 0.901521 59.311909 0.000000 0.000000 0.000000 1.000000
0.853193 0.152450 -0.498820 11.141191 -0.134382 0.988296 0.072194 87.841713 0.503988 0.005437 0.863694 58.498875 0.000000 0.000000 0.000000 1.000000
0.821177 0.157400 -0.548537 11.098743 -0.122288 0.987417 0.100266 86.803360 0.557417 -0.015256 0.830092 57.470863 0.000000 0.000000 0.000000 1.000000
0.795045 0.160193 -0.585015 10.565851 -0.107053 0.986413 0.124619 85.992790 0.597029 -0.036450 0.801391 55.936672 0.000000 0.000000 0.000000 1.000000
0.774270 0.155674 -0.613410 9.555260 -0.086996 0.986253 0.140486 85.494843 0.626847 -0.055410 0.777170 53.596649 0.000000 0.000000 0.000000 1.000000
0.758108 0.141153 -0.636670 8.257811 -0.062891 0.987568 0.144062 85.510658 0.649090 -0.069174 0.757560 50.505920 0.000000 0.000000 0.000000 1.000000
0.747004 0.117562 -0.654343 6.870183 -0.037685 0.990146 0.134872 86.039070 0.663751 -0.076091 0.744073 46.875648 0.000000 0.000000 0.000000 1.000000
0.742536 0.087162 -0.664111 5.544689 -0.012695 0.993150 0.116153 86.650200 0.669686 -0.077817 0.738556 42.828163 0.000000 0.000000 0.000000 1.000000
0.745289 0.054804 -0.664486 4.461426 0.010332 0.995547 0.093697 87.286949 0.666662 -0.076697 0.741404 38.823807 0.000000 0.000000 0.000000 1.000000
0.753836 0.028049 -0.656464 3.689944 0.026999 0.996922 0.073599 88.250488 0.656508 -0.073206 0.750759 35.117783 0.000000 0.000000 0.000000 1.000000
0.764800 0.013541 -0.644125 3.133545 0.031537 0.997794 0.058422 90.101311 0.643495 -0.064994 0.762686 31.604937 0.000000 0.000000 0.000000 1.000000
0.773484 0.009242 -0.633748 2.724263 0.024478 0.998712 0.044440 92.686836 0.633343 -0.049886 0.772262 28.391129 0.000000 0.000000 0.000000 1.000000
0.774242 0.008592 -0.632831 2.474277 0.009942 0.999619 0.025734 95.340477 0.632812 -0.026216 0.773862 25.551931 0.000000 0.000000 0.000000 1.000000
0.763013 0.005075 -0.646364 2.364520 -0.005635 0.999983 0.001200 97.638031 0.646359 0.002727 0.763029 22.931086 0.000000 0.000000 0.000000 1.000000
0.739457 -0.001022 -0.673202 2.295761 -0.020225 0.999514 -0.023733 99.104057 0.672899 0.031165 0.739077 20.580202 0.000000 0.000000 0.000000 1.000000
0.708162 -0.004943 -0.706033 2.119128 -0.033704 0.998599 -0.040798 99.628036 0.705245 0.052687 0.707003 18.566431 0.000000 0.000000 0.000000 1.000000
0.679930 -0.002778 -0.733272 1.824277 -0.045212 0.997931 -0.045705 99.319855 0.731882 0.064229 0.678398 16.840788 0.000000 0.000000 0.000000 1.000000
0.666930 0.002015 -0.745118 1.512600 -0.050341 0.997833 -0.042360 98.547653 0.743418 0.065762 0.665587 15.206880 0.000000 0.000000 0.000000 1.000000
0.672492 0.000541 -0.740104 1.166488 -0.041849 0.998428 -0.037295 97.487961 0.738920 0.056053 0.671458 13.323939 0.000000 0.000000 0.000000 1.000000
0.688671 -0.009193 -0.725015 0.628971 -0.020584 0.999269 -0.032222 96.110512 0.724781 0.037114 0.687979 10.972821 0.000000 0.000000 0.000000 1.000000
0.704913 -0.017086 -0.709088 -0.111512 0.000383 0.999719 -0.023708 94.566658 0.709294 0.016440 0.704721 8.324380 0.000000 0.000000 0.000000 1.000000
0.715438 -0.012322 -0.698567 -0.824569 0.008511 0.999924 -0.008921 93.200768 0.698624 0.000437 0.715489 5.725759 0.000000 0.000000 0.000000 1.000000
0.718450 0.000685 -0.695579 -1.298290 0.007407 0.999935 0.008635 92.338333 0.695540 -0.011356 0.718398 3.390726 0.000000 0.000000 0.000000 1.000000
0.714770 0.008336 -0.699310 -1.590334 0.010085 0.999702 0.022225 92.022942 0.699287 -0.022939 0.714473 1.353533 0.000000 0.000000 0.000000 1.000000
0.708748 0.006867 -0.705428 -1.869407 0.019973 0.999356 0.029795 92.174263 0.705179 -0.035207 0.708155 -0.371784 0.000000 0.000000 0.000000 1.000000
0.705982 0.002448 -0.708226 -2.178903 0.031021 0.998927 0.034375 92.639870 0.707550 -0.046238 0.705149 -1.758020 0.000000 0.000000 0.000000 1.000000
0.708558 0.000358 -0.705652 -2.426272 0.037279 0.998584 0.037938 93.273201 0.704667 -0.053188 0.707542 -2.738421 0.000000 0.000000 0.000000 1.000000
0.713536 -0.000860 -0.700619 -2.563968 0.039116 0.998488 0.038612 93.928764 0.699526 -0.054956 0.712491 -3.317130 0.000000 0.000000 0.000000 1.000000
0.716996 -0.004338 -0.697064 -2.607361 0.039045 0.998661 0.033946 94.482124 0.695983 -0.051556 0.716205 -3.583055 0.000000 0.000000 0.000000 1.000000
0.716883 -0.010129 -0.697120 -2.571170 0.037935 0.998980 0.024495 94.827400 0.696161 -0.044005 0.716536 -3.621265 0.000000 0.000000 0.000000 1.000000
0.715278 -0.014015 -0.698699 -2.479038 0.035431 0.999240 0.016228 94.925636 0.697941 -0.036363 0.715231 -3.449878 0.000000 0.000000 0.000000 1.000000
0.713203 -0.013765 -0.700822 -2.320300 0.031318 0.999435 0.012241 94.756416 0.700257 -0.030678 0.713231 -2.973371 0.000000 0.000000 0.000000 1.000000
0.711244 -0.008969 -0.702888 -2.089817 0.026374 0.999555 0.013934 94.389061 0.702450 -0.028449 0.711164 -2.155462 0.000000 0.000000 0.000000 1.000000
0.709149 -0.001806 -0.705056 -1.800670 0.022120 0.999561 0.019688 93.947220 0.704712 -0.029557 0.708878 -1.085975 0.000000 0.000000 0.000000 1.000000
0.705739 0.005253 -0.708452 -1.475787 0.018784 0.999482 0.026123 93.442245 0.708223 -0.031744 0.705275 0.108159 0.000000 0.000000 0.000000 1.000000
0.699369 0.008673 -0.714708 -1.158025 0.018956 0.999350 0.030676 92.897354 0.714509 -0.035001 0.698750 1.267223 0.000000 0.000000 0.000000 1.000000</float_array><technique_common><accessor source="#mixamorig_Hips-Matrix-animation-output-transform-array" count="63" stride="16"><param type="float4x4"/></accessor></technique_common></source><source id="mixamorig_Hips-Interpolations"><Name_array id="mixamorig_Hips-Interpolations-array" count="63">
 LINEAR LINEAR LINEAR LINEAR LINEAR LINEAR LINEAR LINEAR LINEAR LINEAR LINEAR
LINEAR LINEAR LINEAR LINEAR LINEAR LINEAR LINEAR LINEAR LINEAR LINEAR LINEAR LINEAR
LINEAR LINEAR LINEAR LINEAR LINEAR LINEAR LINEAR LINEAR LINEAR LINEAR LINEAR LINEAR
LINEAR LINEAR LINEAR LINEAR LINEAR LINEAR LINEAR LINEAR LINEAR LINEAR LINEAR LINEAR
LINEAR LINEAR LINEAR LINEAR LINEAR LINEAR LINEAR LINEAR LINEAR LINEAR LINEAR LINEAR
LINEAR LINEAR LINEAR LINEAR</Name_array><technique_common><accessor source="#mixamorig_Hips-Interpolations-array" count="63"><param type="name"/></accessor></technique_common></source><sampler id="mixamorig_Hips-Matrix-animation-transform"><input semantic="INPUT" source="#mixamorig_Hips-Matrix-animation-input"/><input semantic="OUTPUT" source="#mixamorig_Hips-Matrix-animation-output-transform"/><input semantic="INTERPOLATION" source="#mixamorig_Hips-Interpolations"/></sampler><channel source="#mixamorig_Hips-Matrix-animation-transform" target="mixamorig_Hips/matrix"/></animation>
    <animation id="mixamorig_Spine-anim" name="mixamorig_Spine"><source id="mixamorig_Spine-Matrix-animation-input"><float_array id="mixamorig_Spine-Matrix-animation-input-array" count="63">

0.000000 0.033333 0.066667 0.100000 0.133333 0.166667 0.200000 0.233333 0.266667 0.300000 0.333333 0.366667 0.400000 0.433333 0.466667 0.500000
0.533333 0.566667 0.600000 0.633333 0.666667 0.700000 0.733333 0.766667 0.800000 0.833333 0.866667 0.900000 0.933333 0.966667 1.000000 1.033333
1.066667 1.100000 1.133333 1.166667 1.200000 1.233333 1.266667 1.300000 1.333333 1.366667 1.400000 1.433333 1.466667 1.500000 1.533333 1.566667
1.600000 1.633333 1.666667 1.700000 1.733333 1.766667 1.800000 1.833333 1.866667 1.900000 1.933333 1.966667 2.000000 2.033333 2.066667</float_array><technique_common><accessor source="#mixamorig_Spine-Matrix-animation-input-array" count="63"><param name="TIME" type="float"/></accessor></technique_common></source><source id="mixamorig_Spine-Matrix-animation-output-transform"><float_array id="mixamorig_Spine-Matrix-animation-output-transform-array" count="1008">

0.997016 0.000235 0.077199 -0.000000 0.021025 0.961368 -0.274462 10.181600 -0.074281 0.275266 0.958494 0.131500 0.000000 0.000000 0.000000 1.000000
0.997064 -0.000296 0.076567 0.000000 0.022278 0.957850 -0.286402 10.181600 -0.073255 0.287267 0.955045 0.131500 0.000000 0.000000 0.000000 1.000000
0.997000 -0.003373 0.077331 0.000000 0.026435 0.953823 -0.299204 10.181600 -0.072751 0.300351 0.951050 0.131500 0.000000 0.000000 0.000000 1.000000
0.996838 -0.009884 0.078838 -0.000000 0.034111 0.949381 -0.312269 10.181600 -0.071761 0.313971 0.946717 0.131500 0.000000 0.000000 0.000000 1.000000
0.996668 -0.018534 0.079434 0.000000 0.043459 0.944768 -0.324846 10.181600 -0.069026 0.327215 0.942425 0.131500 0.000000 0.000000 0.000000 1.000000
0.996996 -0.023977 0.073655 0.000000 0.047374 0.941061 -0.334904 10.181600 -0.061283 0.337387 0.939369 0.131500 0.000000 0.000000 0.000000 1.000000
0.998113 -0.019711 0.058159 0.000000 0.038468 0.938923 -0.341971 10.181600 -0.047866 0.343562 0.937909 0.131500 0.000000 0.000000 0.000000 1.000000
0.999521 -0.006653 0.030227 0.000000 0.016402 0.942072 -0.335009 10.181600 -0.026247 0.335345 0.941730 0.131500 0.000000 0.000000 0.000000 1.000000
0.999941 0.006862 -0.008423 0.000000 -0.009068 0.954148 -0.299198 10.181600 0.005983 0.299257 0.954154 0.131500 0.000000 0.000000 0.000000 1.000000
0.998815 0.008200 -0.047973 0.000000 -0.019244 0.971915 -0.234543 10.181600 0.044702 0.235188 0.970921 0.131500 0.000000 0.000000 0.000000 1.000000
0.997372 0.002408 -0.072412 -0.000000 -0.014416 0.986060 -0.165766 10.181600 0.071004 0.166374 0.983503 0.131500 0.000000 0.000000 0.000000 1.000000
0.997779 0.008923 -0.066015 0.000000 -0.016986 0.992310 -0.122605 10.181600 0.064413 0.123454 0.990258 0.131500 0.000000 0.000000 0.000000 1.000000
0.998596 0.046670 -0.025041 0.000000 -0.049395 0.991257 -0.122353 10.181600 0.019112 0.123418 0.992171 0.131500 0.000000 0.000000 0.000000 1.000000
0.994173 0.099561 0.041335 0.000000 -0.091520 0.982137 -0.164413 10.181600 -0.056966 0.159672 0.985525 0.131500 0.000000 0.000000 0.000000 1.000000
0.984484 0.121196 0.126897 0.000000 -0.090127 0.969728 -0.226945 10.181600 -0.150561 0.211987 0.965605 0.131500 0.000000 0.000000 0.000000 1.000000
0.970914 0.095392 0.219606 0.000000 -0.028111 0.956279 -0.291100 10.181600 -0.237773 0.276460 0.931146 0.131500 0.000000 0.000000 0.000000 1.000000
0.953976 0.071086 0.291337 0.000000 0.031517 0.942352 -0.333134 10.181600 -0.298224 0.326984 0.896741 0.131500 0.000000 0.000000 0.000000 1.000000
0.945947 0.074147 0.315731 0.000000 0.043941 0.935238 -0.351283 10.181600 -0.321330 0.346168 0.881428 0.131500 0.000000 0.000000 0.000000 1.000000
0.952713 0.088795 0.290608 0.000000 0.024896 0.930329 -0.365880 10.181600 -0.302849 0.355813 0.884126 0.131500 0.000000 0.000000 0.000000 1.000000
0.964880 0.105848 0.240422 0.000000 -0.003226 0.919932 -0.392064 10.181600 -0.262671 0.377519 0.887966 0.131500 0.000000 0.000000 0.000000 1.000000
0.972522 0.130593 0.192735 0.000000 -0.038190 0.906131 -0.421270 10.181600 -0.229658 0.402334 0.886219 0.131500 0.000000 0.000000 0.000000 1.000000
0.974921 0.159602 0.155103 -0.000000 -0.077306 0.896391 -0.436471 10.181600 -0.208695 0.413534 0.886248 0.131500 0.000000 0.000000 0.000000 1.000000
0.976612 0.178182 0.120333 0.000000 -0.108922 0.892538 -0.437620 10.181600 -0.185378 0.414278 0.891072 0.131500 0.000000 0.000000 0.000000 1.000000
0.980296 0.178316 0.084990 0.000000 -0.124160 0.890855 -0.436991 10.181600 -0.153637 0.417828 0.895441 0.131500 0.000000 0.000000 0.000000 1.000000
0.984633 0.165953 0.054392 0.000000 -0.125361 0.888484 -0.441452 10.181600 -0.121587 0.427849 0.895635 0.131500 0.000000 0.000000 0.000000 1.000000
0.987851 0.151456 0.034813 0.000000 -0.119872 0.885180 -0.449542 10.181600 -0.098902 0.439907 0.892581 0.131500 0.000000 0.000000 0.000000 1.000000
0.989597 0.141150 0.027825 0.000000 -0.112889 0.881747 -0.458016 10.181600 -0.089184 0.450110 0.888508 0.131500 0.000000 0.000000 0.000000 1.000000
0.990241 0.136171 0.029662 -0.000000 -0.107031 0.879384 -0.463927 10.181600 -0.089258 0.456225 0.885377 0.131500 0.000000 0.000000 0.000000 1.000000
0.990548 0.132844 0.034170 0.000000 -0.101814 0.878998 -0.465829 10.181600 -0.091918 0.457947 0.884215 0.131500 0.000000 0.000000 0.000000 1.000000
0.991019 0.128336 0.037558 0.000000 -0.096479 0.880720 -0.463707 10.181600 -0.092588 0.455919 0.885192 0.131500 0.000000 0.000000 0.000000 1.000000
0.991149 0.126674 0.039728 0.000000 -0.094796 0.884804 -0.456220 10.181600 -0.092942 0.448415 0.888980 0.131500 0.000000 0.000000 0.000000 1.000000
0.990155 0.133480 0.042140 0.000000 -0.101430 0.891684 -0.441148 10.181600 -0.096460 0.432531 0.896444 0.131500 0.000000 0.000000 0.000000 1.000000
0.988939 0.140738 0.046824 0.000000 -0.108759 0.902719 -0.416258 10.181600 -0.100852 0.406561 0.908040 0.131500 0.000000 0.000000 0.000000 1.000000
0.989018 0.137202 0.054951 0.000000 -0.106071 0.917828 -0.382544 10.181600 -0.102922 0.372514 0.922302 0.131500 0.000000 0.000000 0.000000 1.000000
0.990403 0.122027 0.064903 0.000000 -0.092366 0.933685 -0.345979 10.181600 -0.102817 0.336663 0.935995 0.131500 0.000000 0.000000 0.000000 1.000000
0.992529 0.097737 0.073034 -0.000000 -0.070390 0.947622 -0.311542 10.181600 -0.099658 0.304073 0.947422 0.131500 0.000000 0.000000 0.000000 1.000000
0.994369 0.075093 0.074776 0.000000 -0.050444 0.955942 -0.289188 10.181600 -0.093198 0.283788 0.954347 0.131500 0.000000 0.000000 0.000000 1.000000
0.995126 0.069548 0.069903 0.000000 -0.046199 0.955122 -0.292589 10.181600 -0.087115 0.287933 0.953680 0.131500 0.000000 0.000000 0.000000 1.000000
0.995219 0.073489 0.064335 0.000000 -0.050226 0.949994 -0.308203 10.181600 -0.083767 0.303498 0.949143 0.131500 0.000000 0.000000 0.000000 1.000000
0.995064 0.075710 0.064149 0.000000 -0.051548 0.946762 -0.317781 10.181600 -0.084793 0.312905 0.945992 0.131500 0.000000 0.000000 0.000000 1.000000
0.994637 0.075843 0.070323 0.000000 -0.049852 0.947274 -0.316523 10.181600 -0.090621 0.311320 0.945975 0.131500 0.000000 0.000000 0.000000 1.000000
0.994192 0.070981 0.080898 0.000000 -0.043480 0.952507 -0.301396 10.181600 -0.098449 0.296128 0.950061 0.131500 0.000000 0.000000 0.000000 1.000000
0.994109 0.059021 0.090908 0.000000 -0.031652 0.960259 -0.277310 10.181600 -0.103662 0.272798 0.956470 0.131500 0.000000 0.000000 0.000000 1.000000
0.994780 0.039639 0.094031 0.000000 -0.014200 0.966278 -0.257110 10.181600 -0.101052 0.254433 0.961797 0.131500 0.000000 0.000000 0.000000 1.000000
0.995965 0.020478 0.087377 0.000000 0.002152 0.967887 -0.251375 10.181600 -0.089719 0.250548 0.963938 0.131500 0.000000 0.000000 0.000000 1.000000
0.997094 0.017614 0.074115 0.000000 0.002179 0.965907 -0.258881 10.181600 -0.076148 0.258291 0.963061 0.131500 0.000000 0.000000 0.000000 1.000000
0.997509 0.035351 0.061037 0.000000 -0.017612 0.962759 -0.269787 10.181600 -0.068301 0.268040 0.960984 0.131500 0.000000 0.000000 0.000000 1.000000
0.997164 0.051700 0.054695 0.000000 -0.034526 0.959974 -0.277954 10.181600 -0.066876 0.275277 0.959036 0.131500 0.000000 0.000000 0.000000 1.000000
0.997473 0.042189 0.057161 0.000000 -0.024051 0.957601 -0.287091 10.181600 -0.066850 0.284991 0.956196 0.131500 0.000000 0.000000 0.000000 1.000000
0.997822 0.011880 0.064889 0.000000 0.008142 0.953953 -0.299845 10.181600 -0.065463 0.299720 0.951779 0.131500 0.000000 0.000000 0.000000 1.000000
0.997291 -0.011848 0.072590 0.000000 0.033879 0.950003 -0.310398 10.181600 -0.065284 0.312017 0.947831 0.131500 0.000000 0.000000 0.000000 1.000000
0.997003 -0.014957 0.075902 -0.000000 0.038144 0.948623 -0.314102 10.181600 -0.067304 0.316056 0.946350 0.131500 0.000000 0.000000 0.000000 1.000000
0.997326 -0.006982 0.072742 0.000000 0.029510 0.949132 -0.313493 10.181600 -0.066853 0.314802 0.946800 0.131500 0.000000 0.000000 0.000000 1.000000
0.997902 -0.002540 0.064699 0.000000 0.022560 0.950255 -0.310656 10.181600 -0.060691 0.311463 0.948318 0.131500 0.000000 0.000000 0.000000 1.000000
0.998411 -0.003620 0.056242 -0.000000 0.020537 0.952686 -0.303263 10.181600 -0.052483 0.303936 0.951246 0.131500 0.000000 0.000000 0.000000 1.000000
0.998644 -0.004928 0.051819 0.000000 0.019780 0.956758 -0.290213 10.181600 -0.048148 0.290844 0.955558 0.131500 0.000000 0.000000 0.000000 1.000000
0.998569 -0.003637 0.053352 0.000000 0.018195 0.961264 -0.275027 10.181600 -0.050285 0.275604 0.959955 0.131500 0.000000 0.000000 0.000000 1.000000
0.998199 -0.000977 0.059978 -0.000000 0.016736 0.964698 -0.262828 10.181600 -0.057604 0.263358 0.962977 0.131500 0.000000 0.000000 0.000000 1.000000
0.997617 0.000730 0.068996 0.000000 0.017019 0.966444 -0.256314 10.181600 -0.066868 0.256877 0.964128 0.131500 0.000000 0.000000 0.000000 1.000000
0.997068 0.000375 0.076524 0.000000 0.019192 0.966805 -0.254795 10.181600 -0.074080 0.255517 0.963962 0.131500 0.000000 0.000000 0.000000 1.000000
0.996874 0.000104 0.079004 0.000000 0.020325 0.966000 -0.257740 10.181600 -0.076344 0.258541 0.962979 0.131500 0.000000 0.000000 0.000000 1.000000
0.996895 -0.000369 0.078736 -0.000000 0.021239 0.964181 -0.264394 10.181600 -0.075818 0.265245 0.961195 0.131500 0.000000 0.000000 0.000000 1.000000
0.997016 0.000235 0.077199 -0.000000 0.021025 0.961368 -0.274461 10.181600 -0.074281 0.275265 0.958494 0.131500 0.000000 0.000000 0.000000 1.000000</float_array><technique_common><accessor source="#mixamorig_Spine-Matrix-animation-output-transform-array" count="63" stride="16"><param type="float4x4"/></accessor></technique_common></source><source id="mixamorig_Spine-Interpolations"><Name_array id="mixamorig_Spine-Interpolations-array" count="63">
 LINEAR LINEAR LINEAR LINEAR LINEAR LINEAR LINEAR LINEAR LINEAR LINEAR LINEAR
LINEAR LINEAR LINEAR LINEAR LINEAR LINEAR LINEAR LINEAR LINEAR LINEAR LINEAR LINEAR
LINEAR LINEAR LINEAR LINEAR LINEAR LINEAR LINEAR LINEAR LINEAR LINEAR LINEAR LINEAR
LINEAR LINEAR LINEAR LINEAR LINEAR LINEAR LINEAR LINEAR LINEAR LINEAR LINEAR LINEAR
LINEAR LINEAR LINEAR LINEAR LINEAR LINEAR LINEAR LINEAR LINEAR LINEAR LINEAR LINEAR
LINEAR LINEAR LINEAR LINEAR</Name_array><technique_common><accessor source="#mixamorig_Spine-Interpolations-array" count="63"><param type="name"/></accessor></technique_common></source><sampler id="mixamorig_Spine-Matrix-animation-transform"><input semantic="INPUT" source="#mixamorig_Spine-Matrix-animation-input"/><input semantic="OUTPUT" source="#mixamorig_Spine-Matrix-animation-output-transform"/><input semantic="INTERPOLATION" source="#mixamorig_Spine-Interpolations"/></sampler><channel source="#mixamorig_Spine-Matrix-animation-transform" target="mixamorig_Spine/matrix"/></animation>
    <animation id="mixamorig_Spine1-anim" name="mixamorig_Spine1"><source id="mixamorig_Spine1-Matrix-animation-input"><float_array id="mixamorig_Spine1-Matrix-animation-input-array" count="63">

0.000000 0.033333 0.066667 0.100000 0.133333 0.166667 0.200000 0.233333 0.266667 0.300000 0.333333 0.366667 0.400000 0.433333 0.466667 0.500000
0.533333 0.566667 0.600000 0.633333 0.666667 0.700000 0.733333 0.766667 0.800000 0.833333 0.866667 0.900000 0.933333 0.966667 1.000000 1.033333
1.066667 1.100000 1.133333 1.166667 1.200000 1.233333 1.266667 1.300000 1.333333 1.366667 1.400000 1.433333 1.466667 1.500000 1.533333 1.566667
1.600000 1.633333 1.666667 1.700000 1.733333 1.766667 1.800000 1.833333 1.866667 1.900000 1.933333 1.966667 2.000000 2.033333 2.066667</float_array><technique_common><accessor source="#mixamorig_Spine1-Matrix-animation-input-array" count="63"><param name="TIME" type="float"/></accessor></technique_common></source><source id="mixamorig_Spine1-Matrix-animation-output-transform"><float_array id="mixamorig_Spine1-Matrix-animation-output-transform-array" count="1008">

0.999891 0.010327 0.010509 0.000000 -0.010151 0.999809 -0.016697 10.083500 -0.010679 0.016589 0.999805 -1.000800 0.000000 0.000000 0.000000 1.000000
0.999899 0.009716 0.010402 0.000000 -0.009580 0.999869 -0.013064 10.083500 -0.010527 0.012963 0.999861 -1.000800 0.000000 0.000000 0.000000 1.000000
0.999898 0.009779 0.010443 0.000000 -0.009688 0.999915 -0.008773 10.083500 -0.010528 0.008671 0.999907 -1.000800 0.000000 0.000000 0.000000 1.000000
0.999886 0.010857 0.010535 0.000000 -0.010815 0.999934 -0.003961 10.083500 -0.010577 0.003847 0.999937 -1.000800 0.000000 0.000000 0.000000 1.000000
0.999863 0.012838 0.010488 0.000000 -0.012850 0.999917 0.001048 10.083500 -0.010474 -0.001182 0.999944 -1.000800 0.000000 0.000000 0.000000 1.000000
0.999858 0.013827 0.009603 -0.000000 -0.013877 0.999891 0.005122 10.083500 -0.009531 -0.005254 0.999941 -1.000800 0.000000 0.000000 0.000000 1.000000
0.999918 0.010508 0.007383 0.000000 -0.010569 0.999910 0.008258 10.083500 -0.007296 -0.008335 0.999939 -1.000800 0.000000 0.000000 0.000000 1.000000
0.999995 0.000221 0.003277 0.000000 -0.000248 0.999964 0.008427 10.083500 -0.003275 -0.008427 0.999959 -1.000800 0.000000 0.000000 0.000000 1.000000
0.999879 -0.015347 -0.002471 0.000000 0.015355 0.999876 0.003349 10.083500 0.002420 -0.003387 0.999991 -1.000800 0.000000 0.000000 0.000000 1.000000
0.999512 -0.030160 -0.008163 -0.000000 0.030116 0.999532 -0.005444 10.083500 0.008323 0.005196 0.999952 -1.000800 0.000000 0.000000 0.000000 1.000000
0.999058 -0.041879 -0.011332 0.000000 0.041750 0.999063 -0.011381 10.083500 0.011798 0.010897 0.999871 -1.000800 0.000000 0.000000 0.000000 1.000000
0.998547 -0.052906 -0.010219 0.000000 0.052813 0.998562 -0.009183 10.083500 0.010691 0.008630 0.999906 -1.000800 0.000000 0.000000 0.000000 1.000000
0.998009 -0.062889 -0.004823 0.000000 0.062886 0.998020 -0.000692 10.083500 0.004857 0.000388 0.999988 -1.000800 0.000000 0.000000 0.000000 1.000000
0.997933 -0.064130 0.004182 0.000000 0.064117 0.997937 0.003294 10.083500 -0.004384 -0.003019 0.999986 -1.000800 0.000000 0.000000 0.000000 1.000000
0.998545 -0.051386 0.016336 0.000000 0.051495 0.998653 -0.006322 10.083500 -0.015989 0.007154 0.999847 -1.000800 0.000000 0.000000 0.000000 1.000000
0.999172 -0.027920 0.029587 0.000000 0.028464 0.999430 -0.018129 10.083500 -0.029064 0.018956 0.999398 -1.000800 0.000000 0.000000 0.000000 1.000000
0.999149 -0.009652 0.040092 0.000000 0.010557 0.999693 -0.022406 10.083500 -0.039864 0.022811 0.998945 -1.000800 0.000000 0.000000 0.000000 1.000000
0.999024 -0.003720 0.044018 -0.000000 0.004535 0.999820 -0.018436 10.083500 -0.043942 0.018618 0.998861 -1.000800 0.000000 0.000000 0.000000 1.000000
0.999151 -0.005807 0.040796 -0.000000 0.006274 0.999916 -0.011341 10.083500 -0.040727 0.011587 0.999103 -1.000800 0.000000 0.000000 0.000000 1.000000
0.999330 -0.014046 0.033793 0.000000 0.014287 0.999874 -0.006906 10.083500 -0.033692 0.007384 0.999405 -1.000800 0.000000 0.000000 0.000000 1.000000
0.999270 -0.026968 0.027054 0.000000 0.027173 0.999604 -0.007248 10.083500 -0.026848 0.007978 0.999608 -1.000800 0.000000 0.000000 0.000000 1.000000
0.998995 -0.039121 0.021898 0.000000 0.039353 0.999172 -0.010278 10.083500 -0.021478 0.011130 0.999707 -1.000800 0.000000 0.000000 0.000000 1.000000
0.998774 -0.046402 0.017216 -0.000000 0.046616 0.998838 -0.012221 10.083500 -0.016629 0.013008 0.999777 -1.000800 0.000000 0.000000 0.000000 1.000000
0.998742 -0.048615 0.012314 0.000000 0.048752 0.998750 -0.011021 10.083500 -0.011763 0.011607 0.999863 -1.000800 0.000000 0.000000 0.000000 1.000000
0.998873 -0.046791 0.007994 -0.000000 0.046846 0.998878 -0.006921 10.083500 -0.007661 0.007287 0.999944 -1.000800 0.000000 0.000000 0.000000 1.000000
0.999105 -0.041966 0.005318 0.000000 0.041974 0.999118 -0.001448 10.083500 -0.005252 0.001670 0.999985 -1.000800 0.000000 0.000000 0.000000 1.000000
0.999313 -0.036783 0.004481 0.000000 0.036768 0.999319 0.003217 10.083500 -0.004596 -0.003050 0.999985 -1.000800 0.000000 0.000000 0.000000 1.000000
0.999412 -0.033951 0.004765 -0.000000 0.033926 0.999410 0.005348 10.083500 -0.004943 -0.005183 0.999974 -1.000800 0.000000 0.000000 0.000000 1.000000
0.999443 -0.032957 0.005256 0.000000 0.032926 0.999441 0.005804 10.083500 -0.005444 -0.005628 0.999969 -1.000800 0.000000 0.000000 0.000000 1.000000
0.999479 -0.031784 0.005556 0.000000 0.031748 0.999476 0.006340 10.083500 -0.005755 -0.006160 0.999964 -1.000800 0.000000 0.000000 0.000000 1.000000
0.999517 -0.030527 0.005816 0.000000 0.030490 0.999515 0.006256 10.083500 -0.006005 -0.006075 0.999964 -1.000800 0.000000 0.000000 0.000000 1.000000
0.999532 -0.029926 0.006359 -0.000000 0.029903 0.999546 0.003699 10.083500 -0.006467 -0.003507 0.999973 -1.000800 0.000000 0.000000 0.000000 1.000000
0.999620 -0.026534 0.007438 0.000000 0.026549 0.999646 -0.001914 10.083500 -0.007385 0.002111 0.999971 -1.000800 0.000000 0.000000 0.000000 1.000000
0.999822 -0.016557 0.009020 0.000000 0.016641 0.999819 -0.009252 10.083500 -0.008865 0.009401 0.999917 -1.000800 0.000000 0.000000 0.000000 1.000000
0.999942 -0.000831 0.010695 0.000000 0.001004 0.999869 -0.016171 10.083500 -0.010680 0.016181 0.999812 -1.000800 0.000000 0.000000 0.000000 1.000000
0.999792 0.016631 0.011821 0.000000 -0.016367 0.999621 -0.022118 10.083500 -0.012185 0.021919 0.999685 -1.000800 0.000000 0.000000 0.000000 1.000000
0.999522 0.028506 0.011927 0.000000 -0.028193 0.999272 -0.025705 10.083500 -0.012651 0.025356 0.999598 -1.000800 0.000000 0.000000 0.000000 1.000000
0.999570 0.027068 0.011233 0.000000 -0.026801 0.999370 -0.023250 10.083500 -0.011855 0.022939 0.999667 -1.000800 0.000000 0.000000 0.000000 1.000000
0.999798 0.017256 0.010351 0.000000 -0.017055 0.999670 -0.019187 10.083500 -0.010679 0.019007 0.999762 -1.000800 0.000000 0.000000 0.000000 1.000000
0.999926 0.006949 0.009995 0.000000 -0.006780 0.999836 -0.016800 10.083500 -0.010110 0.016731 0.999809 -1.000800 0.000000 0.000000 0.000000 1.000000
0.999944 -0.000137 0.010540 -0.000000 0.000306 0.999872 -0.015979 10.083500 -0.010536 0.015982 0.999817 -1.000800 0.000000 0.000000 0.000000 1.000000
0.999925 -0.003357 0.011787 0.000000 0.003574 0.999824 -0.018403 10.083500 -0.011723 0.018443 0.999761 -1.000800 0.000000 0.000000 0.000000 1.000000
0.999908 -0.003774 0.013003 0.000000 0.004076 0.999721 -0.023279 10.083500 -0.012912 0.023330 0.999644 -1.000800 0.000000 0.000000 0.000000 1.000000
0.999910 -0.002120 0.013247 0.000000 0.002461 0.999665 -0.025768 10.083500 -0.013188 0.025798 0.999580 -1.000800 0.000000 0.000000 0.000000 1.000000
0.999927 0.000169 0.012119 0.000000 0.000094 0.999765 -0.021685 10.083500 -0.012120 0.021685 0.999691 -1.000800 0.000000 0.000000 0.000000 1.000000
0.999948 0.000351 0.010233 0.000000 -0.000218 0.999916 -0.012966 10.083500 -0.010236 0.012963 0.999864 -1.000800 0.000000 0.000000 0.000000 1.000000
0.999960 -0.002030 0.008684 -0.000000 0.002084 0.999979 -0.006153 10.083500 -0.008671 0.006171 0.999943 -1.000800 0.000000 0.000000 0.000000 1.000000
0.999965 -0.002105 0.008143 0.000000 0.002148 0.999983 -0.005333 10.083500 -0.008132 0.005351 0.999953 -1.000800 0.000000 0.000000 0.000000 1.000000
0.999954 0.004516 0.008490 0.000000 -0.004447 0.999957 -0.008126 10.083500 -0.008527 0.008088 0.999931 -1.000800 0.000000 0.000000 0.000000 1.000000
0.999836 0.015533 0.009260 0.000000 -0.015434 0.999824 -0.010642 10.083500 -0.009424 0.010498 0.999900 -1.000800 0.000000 0.000000 0.000000 1.000000
0.999651 0.024399 0.010080 0.000000 -0.024270 0.999624 -0.012788 10.083500 -0.010388 0.012539 0.999867 -1.000800 0.000000 0.000000 0.000000 1.000000
0.999566 0.027493 0.010544 0.000000 -0.027327 0.999506 -0.015506 10.083500 -0.010965 0.015211 0.999824 -1.000800 0.000000 0.000000 0.000000 1.000000
0.999590 0.026722 0.010238 0.000000 -0.026536 0.999488 -0.017868 10.083500 -0.010710 0.017589 0.999788 -1.000800 0.000000 0.000000 0.000000 1.000000
0.999646 0.024992 0.009168 0.000000 -0.024810 0.999503 -0.019466 10.083500 -0.009650 0.019231 0.999768 -1.000800 0.000000 0.000000 0.000000 1.000000
0.999706 0.022902 0.007920 0.000000 -0.022730 0.999517 -0.021180 10.083500 -0.008401 0.020993 0.999744 -1.000800 0.000000 0.000000 0.000000 1.000000
0.999769 0.020260 0.007204 -0.000000 -0.020090 0.999536 -0.022902 10.083500 -0.007665 0.022752 0.999712 -1.000800 0.000000 0.000000 0.000000 1.000000
0.999821 0.017425 0.007352 -0.000000 -0.017247 0.999572 -0.023622 10.083500 -0.007761 0.023491 0.999694 -1.000800 0.000000 0.000000 0.000000 1.000000
0.999855 0.014879 0.008232 0.000000 -0.014685 0.999623 -0.023201 10.083500 -0.008574 0.023077 0.999697 -1.000800 0.000000 0.000000 0.000000 1.000000
0.999870 0.013053 0.009442 0.000000 -0.012838 0.999666 -0.022442 10.083500 -0.009731 0.022318 0.999704 -1.000800 0.000000 0.000000 0.000000 1.000000
0.999870 0.012283 0.010443 0.000000 -0.012052 0.999686 -0.021975 10.083500 -0.010710 0.021846 0.999704 -1.000800 0.000000 0.000000 0.000000 1.000000
0.999872 0.011790 0.010777 -0.000000 -0.011560 0.999709 -0.021173 10.083500 -0.011023 0.021046 0.999718 -1.000800 0.000000 0.000000 0.000000 1.000000
0.999881 0.011120 0.010713 -0.000000 -0.010910 0.999751 -0.019474 10.083500 -0.010927 0.019355 0.999753 -1.000800 0.000000 0.000000 0.000000 1.000000
0.999891 0.010327 0.010509 -0.000000 -0.010150 0.999809 -0.016697 10.083500 -0.010679 0.016589 0.999805 -1.000800 0.000000 0.000000 0.000000 1.000000</float_array><technique_common><accessor source="#mixamorig_Spine1-Matrix-animation-output-transform-array" count="63" stride="16"><param type="float4x4"/></accessor></technique_common></source><source id="mixamorig_Spine1-Interpolations"><Name_array id="mixamorig_Spine1-Interpolations-array" count="63">
 LINEAR LINEAR LINEAR LINEAR LINEAR LINEAR LINEAR LINEAR LINEAR LINEAR LINEAR
LINEAR LINEAR LINEAR LINEAR LINEAR LINEAR LINEAR LINEAR LINEAR LINEAR LINEAR LINEAR
LINEAR LINEAR LINEAR LINEAR LINEAR LINEAR LINEAR LINEAR LINEAR LINEAR LINEAR LINEAR
LINEAR LINEAR LINEAR LINEAR LINEAR LINEAR LINEAR LINEAR LINEAR LINEAR LINEAR LINEAR
LINEAR LINEAR LINEAR LINEAR LINEAR LINEAR LINEAR LINEAR LINEAR LINEAR LINEAR LINEAR
LINEAR LINEAR LINEAR LINEAR</Name_array><technique_common><accessor source="#mixamorig_Spine1-Interpolations-array" count="63"><param type="name"/></accessor></technique_common></source><sampler id="mixamorig_Spine1-Matrix-animation-transform"><input semantic="INPUT" source="#mixamorig_Spine1-Matrix-animation-input"/><input semantic="OUTPUT" source="#mixamorig_Spine1-Matrix-animation-output-transform"/><input semantic="INTERPOLATION" source="#mixamorig_Spine1-Interpolations"/></sampler><channel source="#mixamorig_Spine1-Matrix-animation-transform" target="mixamorig_Spine1/matrix"/></animation>
    <animation id="mixamorig_Spine2-anim" name="mixamorig_Spine2"><source id="mixamorig_Spine2-Matrix-animation-input"><float_array id="mixamorig_Spine2-Matrix-animation-input-array" count="63">

0.000000 0.033333 0.066667 0.100000 0.133333 0.166667 0.200000 0.233333 0.266667 0.300000 0.333333 0.366667 0.400000 0.433333 0.466667 0.500000
0.533333 0.566667 0.600000 0.633333 0.666667 0.700000 0.733333 0.766667 0.800000 0.833333 0.866667 0.900000 0.933333 0.966667 1.000000 1.033333
1.066667 1.100000 1.133333 1.166667 1.200000 1.233333 1.266667 1.300000 1.333333 1.366667 1.400000 1.433333 1.466667 1.500000 1.533333 1.566667
1.600000 1.633333 1.666667 1.700000 1.733333 1.766667 1.800000 1.833333 1.866667 1.900000 1.933333 1.966667 2.000000 2.033333 2.066667</float_array><technique_common><accessor source="#mixamorig_Spine2-Matrix-animation-input-array" count="63"><param name="TIME" type="float"/></accessor></technique_common></source><source id="mixamorig_Spine2-Matrix-animation-output-transform"><float_array id="mixamorig_Spine2-Matrix-animation-output-transform-array" count="1008">

0.999893 0.010477 0.010168 -0.000000 -0.010305 0.999806 -0.016783 9.100000 -0.010342 0.016677 0.999807 -1.373400 0.000000 0.000000 0.000000 1.000000
0.999900 0.009912 0.010060 -0.000000 -0.009779 0.999866 -0.013148 9.100000 -0.010189 0.013048 0.999863 -1.373400 0.000000 0.000000 0.000000 1.000000
0.999899 0.010028 0.010074 -0.000000 -0.009939 0.999911 -0.008863 9.100000 -0.010162 0.008762 0.999910 -1.373400 0.000000 0.000000 0.000000 1.000000
0.999887 0.011161 0.010099 0.000000 -0.011121 0.999930 -0.004068 9.100000 -0.010143 0.003955 0.999941 -1.373400 0.000000 0.000000 0.000000 1.000000
0.999863 0.013194 0.009954 -0.000000 -0.013204 0.999912 0.000919 9.100000 -0.009941 -0.001050 0.999950 -1.373400 0.000000 0.000000 0.000000 1.000000
0.999859 0.014190 0.009007 0.000000 -0.014236 0.999886 0.004993 9.100000 -0.008935 -0.005121 0.999947 -1.373400 0.000000 0.000000 0.000000 1.000000
0.999918 0.010810 0.006877 0.000000 -0.010866 0.999908 0.008179 9.100000 -0.006788 -0.008253 0.999943 -1.373400 0.000000 0.000000 0.000000 1.000000
0.999995 0.000356 0.003120 0.000000 -0.000383 0.999964 0.008419 9.100000 -0.003117 -0.008420 0.999960 -1.373400 0.000000 0.000000 0.000000 1.000000
0.999879 -0.015416 -0.002113 0.000000 0.015423 0.999876 0.003319 9.100000 0.002061 -0.003351 0.999992 -1.373400 0.000000 0.000000 0.000000 1.000000
0.999513 -0.030300 -0.007465 0.000000 0.030258 0.999526 -0.005637 9.100000 0.007632 0.005409 0.999956 -1.373400 0.000000 0.000000 0.000000 1.000000
0.999064 -0.041942 -0.010616 0.000000 0.041816 0.999056 -0.011751 9.100000 0.011099 0.011296 0.999875 -1.373400 0.000000 0.000000 0.000000 1.000000
0.998552 -0.052930 -0.009562 0.000000 0.052838 0.998557 -0.009612 9.100000 0.010057 0.009092 0.999908 -1.373400 0.000000 0.000000 0.000000 1.000000
0.998010 -0.062921 -0.004063 0.000000 0.062918 0.998018 -0.000927 9.100000 0.004114 0.000669 0.999991 -1.373400 0.000000 0.000000 0.000000 1.000000
0.997934 -0.064031 0.005179 -0.000000 0.064013 0.997943 0.003595 9.100000 -0.005398 -0.003256 0.999980 -1.373400 0.000000 0.000000 0.000000 1.000000
0.998541 -0.051079 0.017513 0.000000 0.051181 0.998674 -0.005454 9.100000 -0.017211 0.006342 0.999832 -1.373400 0.000000 0.000000 0.000000 1.000000
0.999158 -0.027448 0.030479 0.000000 0.027983 0.999459 -0.017290 9.100000 -0.029988 0.018128 0.999386 -1.373400 0.000000 0.000000 0.000000 1.000000
0.999142 -0.008974 0.040442 0.000000 0.009871 0.999708 -0.022042 9.100000 -0.040233 0.022422 0.998939 -1.373400 0.000000 0.000000 0.000000 1.000000
0.999021 -0.002776 0.044156 0.000000 0.003587 0.999826 -0.018287 9.100000 -0.044098 0.018428 0.998857 -1.373400 0.000000 0.000000 0.000000 1.000000
0.999147 -0.004667 0.041036 -0.000000 0.005126 0.999925 -0.011085 9.100000 -0.040981 0.011286 0.999096 -1.373400 0.000000 0.000000 0.000000 1.000000
0.999325 -0.012893 0.034393 -0.000000 0.013120 0.999893 -0.006398 9.100000 -0.034307 0.006845 0.999388 -1.373400 0.000000 0.000000 0.000000 1.000000
0.999263 -0.025952 0.028290 -0.000000 0.026144 0.999637 -0.006459 9.100000 -0.028112 0.007193 0.999579 -1.373400 0.000000 0.000000 0.000000 1.000000
