<?xml version="1.0" encoding="utf-8"?>
<COLLADA xmlns="http://www.collada.org/2005/11/COLLADASchema" version="1.4.1">
  <asset><contributor><author>Mixamo</author><authoring_tool>COLLADA Mixamo exporter</authoring_tool><comments></comments></contributor><created>2019-01-22T20:41:26Z</created><modified>2019-01-22T20:41:26Z</modified><revision></revision><title></title><unit meter="0.010000"/><up_axis>Y_UP</up_axis></asset>
  <library_animations>
    <animation id="mixamorig_Hips-anim" name="mixamorig_Hips"><source id="mixamorig_Hips-Matrix-animation-input"><float_array id="mixamorig_Hips-Matrix-animation-input-array" count="67">

0.000000 0.033333 0.066667 0.100000 0.133333 0.166667 0.200000 0.233333 0.266667 0.300000 0.333333 0.366667 0.400000 0.433333 0.466667 0.500000
0.533333 0.566667 0.600000 0.633333 0.666667 0.700000 0.733333 0.766667 0.800000 0.833333 0.866667 0.900000 0.933333 0.966667 1.000000 1.033333
1.066667 1.100000 1.133333 1.166667 1.200000 1.233333 1.266667 1.300000 1.333333 1.366667 1.400000 1.433333 1.466667 1.500000 1.533333 1.566667
1.600000 1.633333 1.666667 1.700000 1.733333 1.766667 1.800000 1.833333 1.866667 1.900000 1.933333 1.966667 2.000000 2.033333 2.066667 2.100000
2.133333 2.166667 2.200000</float_array><technique_common><accessor source="#mixamorig_Hips-Matrix-animation-input-array" count="67"><param name="TIME" type="float"/></accessor></technique_common></source><source id="mixamorig_Hips-Matrix-animation-output-transform"><float_array id="mixamorig_Hips-Matrix-animation-output-transform-array" count="1072">

0.520156 0.076223 -0.850663 5.501744 0.007993 0.995531 0.094091 94.176888 0.854034 -0.055742 0.517222 -0.942375 0.000000 0.000000 0.000000 1.000000
0.520404 0.074704 -0.850646 5.573494 0.008309 0.995676 0.092524 94.175446 0.853880 -0.055218 0.517532 -0.875463 0.000000 0.000000 0.000000 1.000000
0.520385 0.072812 -0.850822 5.646611 0.008732 0.995852 0.090564 94.173447 0.853887 -0.054558 0.517591 -0.774856 0.000000 0.000000 0.000000 1.000000
0.519242 0.070465 -0.851717 5.724422 0.009299 0.996070 0.088077 94.179276 0.854577 -0.053653 0.516546 -0.647776 0.000000 0.000000 0.000000 1.000000
0.516081 0.067699 -0.853860 5.812192 0.009591 0.996352 0.084793 94.180969 0.856486 -0.051949 0.513549 -0.517517 0.000000 0.000000 0.000000 1.000000
0.509393 0.064258 -0.858131 5.931904 0.010954 0.996643 0.081132 94.156776 0.860464 -0.050728 0.506979 -0.387562 0.000000 0.000000 0.000000 1.000000
0.498614 0.060219 -0.864730 6.083341 0.012328 0.996990 0.076539 94.074654 0.866737 -0.048824 0.496371 -0.282221 0.000000 0.000000 0.000000 1.000000
0.485100 0.055194 -0.872715 6.262936 0.014570 0.997357 0.071176 93.918037 0.874337 -0.047243 0.483014 -0.225142 0.000000 0.000000 0.000000 1.000000
0.471485 0.052285 -0.880323 6.453445 0.015730 0.997583 0.067674 93.690918 0.881734 -0.045755 0.469524 -0.237949 0.000000 0.000000 0.000000 1.000000
0.461787 0.051884 -0.885472 6.638067 0.016498 0.997613 0.067059 93.385284 0.886837 -0.045576 0.459829 -0.347297 0.000000 0.000000 0.000000 1.000000
0.462349 0.054475 -0.885023 6.807156 0.017308 0.997366 0.070432 93.054703 0.886529 -0.047883 0.460188 -0.604675 0.000000 0.000000 0.000000 1.000000
0.474823 0.057249 -0.878218 6.874232 0.017129 0.997092 0.074259 92.726639 0.879915 -0.050303 0.472461 -1.065797 0.000000 0.000000 0.000000 1.000000
0.508318 0.061180 -0.858993 6.713987 0.012632 0.996836 0.078472 92.398537 0.861077 -0.050740 0.505937 -1.675523 0.000000 0.000000 0.000000 1.000000
0.570113 0.065833 -0.818924 6.308204 0.018098 0.995536 0.092630 92.000984 0.821367 -0.067630 0.566377 -2.375361 0.000000 0.000000 0.000000 1.000000
0.629114 0.063495 -0.774715 5.692363 0.039589 0.992747 0.113513 91.612862 0.776304 -0.102083 0.622038 -3.413135 0.000000 0.000000 0.000000 1.000000
0.671094 0.046640 -0.739903 4.807904 0.073248 0.988965 0.128775 91.278854 0.737745 -0.140617 0.660273 -4.463354 0.000000 0.000000 0.000000 1.000000
0.700882 0.020336 -0.712987 3.809841 0.113012 0.983801 0.139154 90.786690 0.704267 -0.178107 0.687231 -5.448185 0.000000 0.000000 0.000000 1.000000
0.722886 -0.004447 -0.690953 2.907786 0.144346 0.978888 0.144718 90.022476 0.675721 -0.204351 0.708266 -6.433873 0.000000 0.000000 0.000000 1.000000
0.741084 -0.012686 -0.671292 2.147322 0.153940 0.976398 0.151492 89.090790 0.653526 -0.215607 0.725546 -7.465942 0.000000 0.000000 0.000000 1.000000
0.756213 -0.003653 -0.654315 1.542048 0.147142 0.975322 0.164612 88.213577 0.637566 -0.220759 0.738089 -8.319151 0.000000 0.000000 0.000000 1.000000
0.768823 0.007928 -0.639413 1.060026 0.143551 0.972262 0.184659 87.569664 0.623141 -0.233758 0.746359 -9.097528 0.000000 0.000000 0.000000 1.000000
0.783629 0.005221 -0.621207 0.587704 0.152886 0.967589 0.200992 87.031059 0.602123 -0.252477 0.757432 -9.970872 0.000000 0.000000 0.000000 1.000000
0.799019 -0.008828 -0.601241 0.147004 0.170243 0.962301 0.212116 86.570343 0.576702 -0.271842 0.770400 -10.845043 0.000000 0.000000 0.000000 1.000000
0.808473 -0.021156 -0.588153 -0.209003 0.184834 0.957917 0.219616 86.184181 0.558755 -0.286264 0.778361 -11.634550 0.000000 0.000000 0.000000 1.000000
0.814989 -0.029060 -0.578748 -0.485608 0.194312 0.954623 0.225696 85.868080 0.545927 -0.296397 0.783653 -12.236922 0.000000 0.000000 0.000000 1.000000
0.816640 -0.031531 -0.576285 -0.673156 0.199934 0.952135 0.231225 85.615158 0.541410 -0.304046 0.783856 -12.728154 0.000000 0.000000 0.000000 1.000000
0.814307 -0.028867 -0.579717 -0.839435 0.203067 0.949814 0.237945 85.477966 0.543754 -0.311481 0.779301 -13.096440 0.000000 0.000000 0.000000 1.000000
0.810861 -0.025146 -0.584699 -0.955784 0.204040 0.948536 0.242170 85.417305 0.548519 -0.315668 0.774261 -13.373132 0.000000 0.000000 0.000000 1.000000
0.805737 -0.020458 -0.591920 -1.019023 0.202291 0.948808 0.242571 85.464005 0.556656 -0.315189 0.768629 -13.525997 0.000000 0.000000 0.000000 1.000000
0.800005 -0.015477 -0.599793 -0.995532 0.198087 0.950428 0.239684 85.582413 0.566351 -0.310560 0.763413 -13.625740 0.000000 0.000000 0.000000 1.000000
0.792650 -0.012008 -0.609559 -0.893332 0.193768 0.952929 0.233197 85.734032 0.578066 -0.302957 0.757666 -13.661734 0.000000 0.000000 0.000000 1.000000
0.781409 -0.009160 -0.623952 -0.752829 0.190745 0.955541 0.224853 85.928940 0.594151 -0.294717 0.748416 -13.617769 0.000000 0.000000 0.000000 1.000000
0.768330 -0.004975 -0.640034 -0.573475 0.186990 0.958089 0.217025 86.111267 0.612130 -0.286427 0.737059 -13.479120 0.000000 0.000000 0.000000 1.000000
0.752556 0.001842 -0.658525 -0.332569 0.181312 0.960766 0.209889 86.294342 0.633076 -0.277352 0.722697 -13.253697 0.000000 0.000000 0.000000 1.000000
0.734712 0.006542 -0.678348 -0.057097 0.175797 0.963958 0.199701 86.490646 0.655205 -0.265975 0.707081 -12.921638 0.000000 0.000000 0.000000 1.000000
0.717336 0.010681 -0.696646 0.229623 0.169177 0.967288 0.189033 86.745590 0.675876 -0.253456 0.692063 -12.547338 0.000000 0.000000 0.000000 1.000000
0.703127 0.016122 -0.710881 0.533257 0.161340 0.970051 0.181580 87.056412 0.692518 -0.242368 0.679468 -12.158507 0.000000 0.000000 0.000000 1.000000
0.689512 0.021751 -0.723948 0.893672 0.151287 0.973175 0.173330 87.411057 0.708298 -0.229037 0.667725 -11.749689 0.000000 0.000000 0.000000 1.000000
0.677932 0.026562 -0.734645 1.269835 0.140716 0.976179 0.165149 87.782372 0.721531 -0.215336 0.658045 -11.291752 0.000000 0.000000 0.000000 1.000000
0.667144 0.030721 -0.744295 1.628591 0.130105 0.978987 0.157027 88.179214 0.733479 -0.201596 0.649128 -10.759537 0.000000 0.000000 0.000000 1.000000
0.656124 0.034921 -0.753845 2.028341 0.118429 0.981787 0.148557 88.616638 0.745303 -0.186749 0.640038 -10.147814 0.000000 0.000000 0.000000 1.000000
0.643988 0.037344 -0.764124 2.399825 0.108248 0.984311 0.139334 89.072029 0.757339 -0.172444 0.629842 -9.515681 0.000000 0.000000 0.000000 1.000000
0.630498 0.040603 -0.775128 2.778950 0.096905 0.986700 0.130509 89.510681 0.770118 -0.157399 0.618178 -8.868898 0.000000 0.000000 0.000000 1.000000
0.618147 0.043134 -0.784878 3.138431 0.086069 0.988776 0.122125 89.899147 0.781336 -0.143045 0.607497 -8.250489 0.000000 0.000000 0.000000 1.000000
0.606475 0.047943 -0.793656 3.459879 0.075092 0.990265 0.117201 90.257256 0.791549 -0.130677 0.596971 -7.663093 0.000000 0.000000 0.000000 1.000000
0.595040 0.054649 -0.801836 3.758233 0.064504 0.991220 0.115424 90.598198 0.801103 -0.120404 0.586291 -7.052733 0.000000 0.000000 0.000000 1.000000
0.582260 0.061645 -0.810663 4.005359 0.056067 0.991703 0.115682 90.939728 0.811067 -0.112809 0.573972 -6.486346 0.000000 0.000000 0.000000 1.000000
0.569857 0.067685 -0.818952 4.212325 0.049620 0.991949 0.116510 91.331291 0.820245 -0.107030 0.561910 -5.930910 0.000000 0.000000 0.000000 1.000000
0.558029 0.070877 -0.826789 4.342055 0.043486 0.992479 0.114431 91.754906 0.828681 -0.099809 0.550750 -5.399126 0.000000 0.000000 0.000000 1.000000
0.544262 0.070804 -0.835922 4.469846 0.040057 0.993102 0.110198 92.172592 0.837959 -0.093462 0.537671 -4.886048 0.000000 0.000000 0.000000 1.000000
0.529320 0.069069 -0.845606 4.571513 0.037504 0.993802 0.104649 92.561440 0.847593 -0.087107 0.523449 -4.379376 0.000000 0.000000 0.000000 1.000000
0.516345 0.068735 -0.853618 4.680271 0.034206 0.994323 0.100756 92.885918 0.855697 -0.081223 0.511062 -3.882631 0.000000 0.000000 0.000000 1.000000
0.504976 0.068924 -0.860377 4.787488 0.031202 0.994697 0.097997 93.148834 0.862569 -0.076332 0.500148 -3.416957 0.000000 0.000000 0.000000 1.000000
0.496661 0.070570 -0.865071 4.896160 0.027454 0.994913 0.096924 93.348930 0.867510 -0.071888 0.492198 -2.987518 0.000000 0.000000 0.000000 1.000000
0.491689 0.072730 -0.867728 4.992257 0.023573 0.995029 0.096757 93.498337 0.870452 -0.068030 0.487530 -2.600229 0.000000 0.000000 0.000000 1.000000
0.489711 0.074586 -0.868689 5.078377 0.020973 0.995038 0.097258 93.628616 0.871632 -0.065848 0.485717 -2.282853 0.000000 0.000000 0.000000 1.000000
0.490552 0.075710 -0.868117 5.168769 0.018575 0.995084 0.097279 93.735634 0.871214 -0.063846 0.486734 -1.993930 0.000000 0.000000 0.000000 1.000000
0.491812 0.076192 -0.867361 5.230587 0.015583 0.995234 0.096260 93.841675 0.870562 -0.060858 0.488281 -1.701699 0.000000 0.000000 0.000000 1.000000
0.493596 0.076823 -0.866291 5.265378 0.012070 0.995390 0.095149 93.947296 0.869607 -0.057421 0.490394 -1.410298 0.000000 0.000000 0.000000 1.000000
0.495827 0.077652 -0.864942 5.287884 0.009528 0.995448 0.094831 94.031532 0.868369 -0.055261 0.492830 -1.201728 0.000000 0.000000 0.000000 1.000000
0.498863 0.077620 -0.863198 5.307422 0.008059 0.995523 0.094176 94.090729 0.866643 -0.053937 0.496004 -1.059963 0.000000 0.000000 0.000000 1.000000
0.502540 0.077485 -0.861075 5.322598 0.007282 0.995561 0.093836 94.136398 0.864523 -0.053427 0.499745 -0.968813 0.000000 0.000000 0.000000 1.000000
0.506712 0.077313 -0.858642 5.343400 0.006644 0.995591 0.093565 94.174881 0.862090 -0.053115 0.503964 -0.907372 0.000000 0.000000 0.000000 1.000000
0.510425 0.076924 -0.856475 5.368639 0.006563 0.995613 0.093331 94.186981 0.859897 -0.053259 0.507682 -0.884308 0.000000 0.000000 0.000000 1.000000
0.514053 0.076685 -0.854324 5.403476 0.007104 0.995581 0.093639 94.186867 0.857729 -0.054204 0.511237 -0.890454 0.000000 0.000000 0.000000 1.000000
0.517263 0.077150 -0.852342 5.455016 0.007334 0.995492 0.094558 94.186913 0.855795 -0.055163 0.514366 -0.907851 0.000000 0.000000 0.000000 1.000000
0.520156 0.076223 -0.850663 5.501745 0.007993 0.995531 0.094091 94.176880 0.854034 -0.055742 0.517223 -0.942382 0.000000 0.000000 0.000000 1.000000</float_array><technique_common><accessor source="#mixamorig_Hips-Matrix-animation-output-transform-array" count="67" stride="16"><param type="float4x4"/></accessor></technique_common></source><source id="mixamorig_Hips-Interpolations"><Name_array id="mixamorig_Hips-Interpolations-array" count="67">
 LINEAR LINEAR LINEAR LINEAR LINEAR LINEAR LINEAR LINEAR LINEAR LINEAR LINEAR
LINEAR LINEAR LINEAR LINEAR LINEAR LINEAR LINEAR LINEAR LINEAR LINEAR LINEAR LINEAR
LINEAR LINEAR LINEAR LINEAR LINEAR LINEAR LINEAR LINEAR LINEAR LINEAR LINEAR LINEAR
LINEAR LINEAR LINEAR LINEAR LINEAR LINEAR LINEAR LINEAR LINEAR LINEAR LINEAR LINEAR
LINEAR LINEAR LINEAR LINEAR LINEAR LINEAR LINEAR LINEAR LINEAR LINEAR LINEAR LINEAR
LINEAR LINEAR LINEAR LINEAR LINEAR LINEAR LINEAR LINEAR</Name_array><technique_common><accessor source="#mixamorig_Hips-Interpolations-array" count="67"><param type="name"/></accessor></technique_common></source><sampler id="mixamorig_Hips-Matrix-animation-transform"><input semantic="INPUT" source="#mixamorig_Hips-Matrix-animation-input"/><input semantic="OUTPUT" source="#mixamorig_Hips-Matrix-animation-output-transform"/><input semantic="INTERPOLATION" source="#mixamorig_Hips-Interpolations"/></sampler><channel source="#mixamorig_Hips-Matrix-animation-transform" target="mixamorig_Hips/matrix"/></animation>
    <animation id="mixamorig_Spine-anim" name="mixamorig_Spine"><source id="mixamorig_Spine-Matrix-animation-input"><float_array id="mixamorig_Spine-Matrix-animation-input-array" count="67">

0.000000 0.033333 0.066667 0.100000 0.133333 0.166667 0.200000 0.233333 0.266667 0.300000 0.333333 0.366667 0.400000 0.433333 0.466667 0.500000
0.533333 0.566667 0.600000 0.633333 0.666667 0.700000 0.733333 0.766667 0.800000 0.833333 0.866667 0.900000 0.933333 0.966667 1.000000 1.033333
1.066667 1.100000 1.133333 1.166667 1.200000 1.233333 1.266667 1.300000 1.333333 1.366667 1.400000 1.433333 1.466667 1.500000 1.533333 1.566667
1.600000 1.633333 1.666667 1.700000 1.733333 1.766667 1.800000 1.833333 1.866667 1.900000 1.933333 1.966667 2.000000 2.033333 2.066667 2.100000
2.133333 2.166667 2.200000</float_array><technique_common><accessor source="#mixamorig_Spine-Matrix-animation-input-array" count="67"><param name="TIME" type="float"/></accessor></technique_common></source><source id="mixamorig_Spine-Matrix-animation-output-transform"><float_array id="mixamorig_Spine-Matrix-animation-output-transform-array" count="1072">

0.995106 0.000950 0.098808 -0.000000 0.022772 0.970834 -0.238670 10.181600 -0.096153 0.239752 0.966061 0.131500 0.000000 0.000000 0.000000 1.000000
0.995179 0.001295 0.098071 -0.000000 0.022091 0.971259 -0.236997 10.181600 -0.095560 0.238021 0.966548 0.131500 0.000000 0.000000 0.000000 1.000000
0.995212 0.001973 0.097716 0.000000 0.021155 0.971746 -0.235079 10.181600 -0.095419 0.236021 0.967052 0.131500 0.000000 0.000000 0.000000 1.000000
0.995227 0.003140 0.097532 -0.000000 0.019753 0.972307 -0.232872 10.181600 -0.095562 0.233687 0.967604 0.131500 0.000000 0.000000 0.000000 1.000000
0.995247 0.005034 0.097248 0.000000 0.017598 0.972922 -0.230461 10.181600 -0.095775 0.231077 0.968210 0.131500 0.000000 0.000000 0.000000 1.000000
0.995271 0.008292 0.096785 0.000000 0.014066 0.973547 -0.228053 10.181600 -0.096115 0.228336 0.968826 0.131500 0.000000 0.000000 0.000000 1.000000
0.995215 0.013163 0.096818 0.000000 0.009108 0.974071 -0.226060 10.181600 -0.097283 0.225860 0.969290 0.131500 0.000000 0.000000 0.000000 1.000000
0.995011 0.019255 0.097885 0.000000 0.003300 0.974305 -0.225207 10.181600 -0.099706 0.224407 0.969381 0.131500 0.000000 0.000000 0.000000 1.000000
0.994745 0.025618 0.099125 0.000000 -0.002518 0.974016 -0.226465 10.181600 -0.102351 0.225025 0.968962 0.131500 0.000000 0.000000 0.000000 1.000000
0.994675 0.032208 0.097895 -0.000000 -0.008852 0.973102 -0.230205 10.181600 -0.102676 0.228112 0.968206 0.131500 0.000000 0.000000 0.000000 1.000000
0.995219 0.038701 0.089675 -0.000000 -0.016582 0.971768 -0.235354 10.181600 -0.096252 0.232742 0.967764 0.131500 0.000000 0.000000 0.000000 1.000000
0.996575 0.043568 0.070281 0.000000 -0.025483 0.970386 -0.240212 10.181600 -0.078665 0.237598 0.968173 0.131500 0.000000 0.000000 0.000000 1.000000
0.998121 0.045231 0.041340 0.000000 -0.033780 0.969027 -0.244635 10.181600 -0.051125 0.242779 0.968733 0.131500 0.000000 0.000000 0.000000 1.000000
0.998785 0.045681 0.018481 0.000000 -0.039659 0.967750 -0.248772 10.181600 -0.029249 0.247736 0.968386 0.131500 0.000000 0.000000 0.000000 1.000000
0.998739 0.045478 0.021287 0.000000 -0.038676 0.967085 -0.251496 10.181600 -0.032024 0.250355 0.967624 0.131500 0.000000 0.000000 0.000000 1.000000
0.997392 0.044827 0.056562 0.000000 -0.029291 0.967693 -0.250423 10.181600 -0.065960 0.248113 0.966483 0.131500 0.000000 0.000000 0.000000 1.000000
0.993595 0.041333 0.105165 0.000000 -0.014307 0.969225 -0.245760 10.181600 -0.112087 0.242681 0.963609 0.131500 0.000000 0.000000 0.000000 1.000000
0.989285 0.033287 0.142150 0.000000 0.001696 0.970976 -0.239172 10.181600 -0.145985 0.236850 0.960516 0.131500 0.000000 0.000000 0.000000 1.000000
0.986824 0.021048 0.160425 -0.000000 0.016964 0.972578 -0.231957 10.181600 -0.160908 0.231622 0.959406 0.131500 0.000000 0.000000 0.000000 1.000000
0.985232 0.006017 0.171120 0.000000 0.033162 0.973755 -0.225170 10.181600 -0.167984 0.227520 0.959175 0.131500 0.000000 0.000000 0.000000 1.000000
0.982358 -0.008448 0.186820 0.000000 0.050141 0.974301 -0.219596 10.181600 -0.180164 0.225090 0.957536 0.131500 0.000000 0.000000 0.000000 1.000000
0.978146 -0.019371 0.207014 0.000000 0.064821 0.974438 -0.215100 10.181600 -0.197555 0.223818 0.954399 0.131500 0.000000 0.000000 0.000000 1.000000
0.974478 -0.028249 0.222700 0.000000 0.076950 0.973981 -0.213167 10.181600 -0.210883 0.224863 0.951296 0.131500 0.000000 0.000000 0.000000 1.000000
0.972534 -0.035810 0.229989 -0.000000 0.085953 0.973508 -0.211885 10.181600 -0.216309 0.225833 0.949847 0.131500 0.000000 0.000000 0.000000 1.000000
0.972090 -0.041781 0.230857 -0.000000 0.091686 0.973414 -0.209900 10.181600 -0.215950 0.225208 0.950077 0.131500 0.000000 0.000000 0.000000 1.000000
0.972557 -0.046511 0.227967 -0.000000 0.095596 0.973172 -0.209280 10.181600 -0.212117 0.225329 0.950912 0.131500 0.000000 0.000000 0.000000 1.000000
0.973632 -0.050700 0.222419 -0.000000 0.098654 0.972682 -0.210135 10.181600 -0.205689 0.226537 0.952036 0.131500 0.000000 0.000000 0.000000 1.000000
0.975132 -0.055411 0.214588 0.000000 0.101622 0.972246 -0.210737 10.181600 -0.196955 0.227303 0.953699 0.131500 0.000000 0.000000 0.000000 1.000000
0.976852 -0.061262 0.204955 0.000000 0.105280 0.971727 -0.211334 10.181600 -0.186214 0.228020 0.955684 0.131500 0.000000 0.000000 0.000000 1.000000
0.978564 -0.067956 0.194408 -0.000000 0.109784 0.970809 -0.213253 10.181600 -0.174241 0.230024 0.957460 0.131500 0.000000 0.000000 0.000000 1.000000
0.980054 -0.073865 0.184497 0.000000 0.113887 0.969550 -0.216801 10.181600 -0.162865 0.233489 0.958623 0.131500 0.000000 0.000000 0.000000 1.000000
0.981236 -0.077284 0.176642 0.000000 0.116322 0.967928 -0.222677 10.181600 -0.153767 0.239046 0.958756 0.131500 0.000000 0.000000 0.000000 1.000000
0.981991 -0.079031 0.171602 0.000000 0.118141 0.965678 -0.231320 10.181600 -0.147431 0.247428 0.957624 0.131500 0.000000 0.000000 0.000000 1.000000
0.982338 -0.080419 0.168950 0.000000 0.120247 0.963116 -0.240724 10.181600 -0.143359 0.256788 0.955776 0.131500 0.000000 0.000000 0.000000 1.000000
0.982679 -0.080557 0.166890 0.000000 0.121021 0.960982 -0.248733 10.181600 -0.140341 0.264622 0.954086 0.131500 0.000000 0.000000 0.000000 1.000000
0.983240 -0.078936 0.164339 -0.000000 0.119773 0.959270 -0.255843 10.181600 -0.137450 0.271238 0.952648 0.131500 0.000000 0.000000 0.000000 1.000000
0.983953 -0.076844 0.161035 -0.000000 0.117809 0.957612 -0.262869 10.181600 -0.134009 0.277622 0.951298 0.131500 0.000000 0.000000 0.000000 1.000000
0.984795 -0.075364 0.156518 0.000000 0.115938 0.956110 -0.269094 10.181600 -0.129369 0.283149 0.950311 0.131500 0.000000 0.000000 0.000000 1.000000
0.985772 -0.074177 0.150838 0.000000 0.113718 0.955132 -0.273479 10.181600 -0.123784 0.286741 0.949978 0.131500 0.000000 0.000000 0.000000 1.000000
0.986650 -0.073650 0.145249 0.000000 0.111922 0.954546 -0.276254 10.181600 -0.118301 0.288822 0.950046 0.131500 0.000000 0.000000 0.000000 1.000000
0.987288 -0.073594 0.140877 0.000000 0.110874 0.953963 -0.278677 10.181600 -0.113882 0.290754 0.949996 0.131500 0.000000 0.000000 0.000000 1.000000
0.987864 -0.071784 0.137739 0.000000 0.108539 0.953380 -0.281577 10.181600 -0.111105 0.293110 0.949601 0.131500 0.000000 0.000000 0.000000 1.000000
0.988579 -0.067799 0.134590 0.000000 0.104148 0.952857 -0.284984 10.181600 -0.108924 0.295747 0.949036 0.131500 0.000000 0.000000 0.000000 1.000000
0.989491 -0.062619 0.130333 0.000000 0.098328 0.952272 -0.288981 10.181600 -0.106017 0.298760 0.948421 0.131500 0.000000 0.000000 0.000000 1.000000
0.990450 -0.057544 0.125290 0.000000 0.092432 0.951409 -0.293731 10.181600 -0.102299 0.302507 0.947641 0.131500 0.000000 0.000000 0.000000 1.000000
0.991405 -0.051987 0.120054 0.000000 0.085907 0.950786 -0.297702 10.181600 -0.098669 0.305457 0.947080 0.131500 0.000000 0.000000 0.000000 1.000000
0.992345 -0.044653 0.115143 0.000000 0.077515 0.951024 -0.299241 10.181600 -0.096142 0.305875 0.947205 0.131500 0.000000 0.000000 0.000000 1.000000
0.993153 -0.037179 0.110747 0.000000 0.068882 0.952047 -0.298098 10.181600 -0.094353 0.303685 0.948089 0.131500 0.000000 0.000000 0.000000 1.000000
0.993799 -0.030722 0.106860 -0.000000 0.061104 0.953837 -0.294042 10.181600 -0.092893 0.298749 0.949800 0.131500 0.000000 0.000000 0.000000 1.000000
0.994291 -0.024480 0.103854 0.000000 0.053556 0.956337 -0.287319 10.181600 -0.092286 0.291241 0.952188 0.131500 0.000000 0.000000 0.000000 1.000000
0.994600 -0.018051 0.102203 0.000000 0.046100 0.959118 -0.279228 10.181600 -0.092984 0.282432 0.954770 0.131500 0.000000 0.000000 0.000000 1.000000
0.994777 -0.011744 0.101392 0.000000 0.039037 0.961614 -0.271614 10.181600 -0.094310 0.274153 0.957051 0.131500 0.000000 0.000000 0.000000 1.000000
0.994911 -0.005844 0.100583 -0.000000 0.032519 0.963514 -0.265673 10.181600 -0.095361 0.267592 0.958802 0.131500 0.000000 0.000000 0.000000 1.000000
0.994991 -0.000804 0.099962 -0.000000 0.027058 0.964807 -0.261565 10.181600 -0.096234 0.262960 0.959995 0.131500 0.000000 0.000000 0.000000 1.000000
0.994968 0.003336 0.100140 0.000000 0.022818 0.965639 -0.258883 10.181600 -0.097563 0.259866 0.960704 0.131500 0.000000 0.000000 0.000000 1.000000
0.994881 0.006520 0.100847 0.000000 0.019710 0.966234 -0.256912 10.181600 -0.099117 0.257584 0.961159 0.131500 0.000000 0.000000 0.000000 1.000000
0.994805 0.008161 0.101468 0.000000 0.018084 0.966759 -0.255048 10.181600 -0.100177 0.255558 0.961590 0.131500 0.000000 0.000000 0.000000 1.000000
0.994769 0.008642 0.101781 0.000000 0.017469 0.967343 -0.252869 10.181600 -0.100643 0.253325 0.962132 0.131500 0.000000 0.000000 0.000000 1.000000
0.994778 0.007916 0.101756 -0.000000 0.017859 0.968106 -0.249903 10.181600 -0.100489 0.250415 0.962909 0.131500 0.000000 0.000000 0.000000 1.000000
0.994806 0.006877 0.101555 0.000000 0.018509 0.968860 -0.246918 10.181600 -0.100091 0.247515 0.963700 0.131500 0.000000 0.000000 0.000000 1.000000
0.994844 0.006178 0.101231 0.000000 0.018821 0.969560 -0.244128 10.181600 -0.099658 0.244775 0.964445 0.131500 0.000000 0.000000 0.000000 1.000000
0.994861 0.005244 0.101119 0.000000 0.019434 0.970202 -0.241517 10.181600 -0.099372 0.242241 0.965114 0.131500 0.000000 0.000000 0.000000 1.000000
0.994853 0.004089 0.101250 -0.000000 0.020406 0.970631 -0.239705 10.181600 -0.099256 0.240538 0.965552 0.131500 0.000000 0.000000 0.000000 1.000000
0.994869 0.003054 0.101125 0.000000 0.021286 0.970853 -0.238729 10.181600 -0.098907 0.239657 0.965806 0.131500 0.000000 0.000000 0.000000 1.000000
0.994934 0.002191 0.100505 0.000000 0.021947 0.970914 -0.238421 10.181600 -0.098104 0.239419 0.965947 0.131500 0.000000 0.000000 0.000000 1.000000
0.995020 0.001472 0.099660 -0.000000 0.022454 0.970875 -0.238531 10.181600 -0.097108 0.239581 0.966008 0.131500 0.000000 0.000000 0.000000 1.000000
0.995106 0.000950 0.098808 0.000000 0.022772 0.970834 -0.238670 10.181600 -0.096153 0.239752 0.966061 0.131500 0.000000 0.000000 0.000000 1.000000</float_array><technique_common><accessor source="#mixamorig_Spine-Matrix-animation-output-transform-array" count="67" stride="16"><param type="float4x4"/></accessor></technique_common></source><source id="mixamorig_Spine-Interpolations"><Name_array id="mixamorig_Spine-Interpolations-array" count="67">
 LINEAR LINEAR LINEAR LINEAR LINEAR LINEAR LINEAR LINEAR LINEAR LINEAR LINEAR
LINEAR LINEAR LINEAR LINEAR LINEAR LINEAR LINEAR LINEAR LINEAR LINEAR LINEAR LINEAR
LINEAR LINEAR LINEAR LINEAR LINEAR LINEAR LINEAR LINEAR LINEAR LINEAR LINEAR LINEAR
LINEAR LINEAR LINEAR LINEAR LINEAR LINEAR LINEAR LINEAR LINEAR LINEAR LINEAR LINEAR
LINEAR LINEAR LINEAR LINEAR LINEAR LINEAR LINEAR LINEAR LINEAR LINEAR LINEAR LINEAR
LINEAR LINEAR LINEAR LINEAR LINEAR LINEAR LINEAR LINEAR</Name_array><technique_common><accessor source="#mixamorig_Spine-Interpolations-array" count="67"><param type="name"/></accessor></technique_common></source><sampler id="mixamorig_Spine-Matrix-animation-transform"><input semantic="INPUT" source="#mixamorig_Spine-Matrix-animation-input"/><input semantic="OUTPUT" source="#mixamorig_Spine-Matrix-animation-output-transform"/><input semantic="INTERPOLATION" source="#mixamorig_Spine-Interpolations"/></sampler><channel source="#mixamorig_Spine-Matrix-animation-transform" target="mixamorig_Spine/matrix"/></animation>
    <animation id="mixamorig_Spine1-anim" name="mixamorig_Spine1"><source id="mixamorig_Spine1-Matrix-animation-input"><float_array id="mixamorig_Spine1-Matrix-animation-input-array" count="67">

0.000000 0.033333 0.066667 0.100000 0.133333 0.166667 0.200000 0.233333 0.266667 0.300000 0.333333 0.366667 0.400000 0.433333 0.466667 0.500000
0.533333 0.566667 0.600000 0.633333 0.666667 0.700000 0.733333 0.766667 0.800000 0.833333 0.866667 0.900000 0.933333 0.966667 1.000000 1.033333
1.066667 1.100000 1.133333 1.166667 1.200000 1.233333 1.266667 1.300000 1.333333 1.366667 1.400000 1.433333 1.466667 1.500000 1.533333 1.566667
1.600000 1.633333 1.666667 1.700000 1.733333 1.766667 1.800000 1.833333 1.866667 1.900000 1.933333 1.966667 2.000000 2.033333 2.066667 2.100000
2.133333 2.166667 2.200000</float_array><technique_common><accessor source="#mixamorig_Spine1-Matrix-animation-input-array" count="67"><param name="TIME" type="float"/></accessor></technique_common></source><source id="mixamorig_Spine1-Matrix-animation-output-transform"><float_array id="mixamorig_Spine1-Matrix-animation-output-transform-array" count="1072">

0.999334 -0.006351 0.035945 0.000000 0.009459 0.996167 -0.086962 10.083500 -0.035255 0.087244 0.995563 -1.000800 0.000000 0.000000 0.000000 1.000000
0.999343 -0.006216 0.035704 0.000000 0.009277 0.996231 -0.086238 10.083500 -0.035033 0.086512 0.995635 -1.000800 0.000000 0.000000 0.000000 1.000000
0.999349 -0.005901 0.035586 0.000000 0.008927 0.996300 -0.085478 10.083500 -0.034950 0.085740 0.995704 -1.000800 0.000000 0.000000 0.000000 1.000000
0.999354 -0.005379 0.035537 -0.000000 0.008372 0.996378 -0.084621 10.083500 -0.034953 0.084863 0.995779 -1.000800 0.000000 0.000000 0.000000 1.000000
0.999360 -0.004571 0.035472 0.000000 0.007527 0.996465 -0.083667 10.083500 -0.034965 0.083880 0.995862 -1.000800 0.000000 0.000000 0.000000 1.000000
0.999368 -0.003275 0.035382 0.000000 0.006193 0.996557 -0.082674 10.083500 -0.034989 0.082841 0.995948 -1.000800 0.000000 0.000000 0.000000 1.000000
0.999368 -0.001413 0.035521 0.000000 0.004317 0.996638 -0.081812 10.083500 -0.035286 0.081914 0.996015 -1.000800 0.000000 0.000000 0.000000 1.000000
0.999349 0.000866 0.036062 0.000000 0.002073 0.996683 -0.081359 10.083500 -0.036013 0.081381 0.996032 -1.000800 0.000000 0.000000 0.000000 1.000000
0.999323 0.003363 0.036642 -0.000000 -0.000357 0.996654 -0.081733 10.083500 -0.036794 0.081665 0.995980 -1.000800 0.000000 0.000000 0.000000 1.000000
0.999323 0.006173 0.036281 0.000000 -0.003135 0.996527 -0.083209 10.083500 -0.036669 0.083039 0.995871 -1.000800 0.000000 0.000000 0.000000 1.000000
0.999401 0.009247 0.033346 0.000000 -0.006367 0.996320 -0.085472 10.083500 -0.034013 0.085209 0.995782 -1.000800 0.000000 0.000000 0.000000 1.000000
0.999581 0.012066 0.026320 0.000000 -0.009712 0.996090 -0.087808 10.083500 -0.027277 0.087515 0.995790 -1.000800 0.000000 0.000000 0.000000 1.000000
0.999779 0.013806 0.015844 0.000000 -0.012324 0.995857 -0.090097 10.083500 -0.017022 0.089882 0.995807 -1.000800 0.000000 0.000000 0.000000 1.000000
0.999869 0.014201 0.007709 -0.000000 -0.013429 0.995645 -0.092259 10.083500 -0.008985 0.092143 0.995705 -1.000800 0.000000 0.000000 0.000000 1.000000
0.999878 0.012803 0.008947 0.000000 -0.011914 0.995574 -0.093228 10.083500 -0.010101 0.093110 0.995605 -1.000800 0.000000 0.000000 0.000000 1.000000
0.999712 0.009798 0.021893 -0.000000 -0.007751 0.995756 -0.091703 10.083500 -0.022699 0.091507 0.995546 -1.000800 0.000000 0.000000 0.000000 1.000000
0.999205 0.005266 0.039525 0.000000 -0.001752 0.996083 -0.088403 10.083500 -0.039836 0.088263 0.995300 -1.000800 0.000000 0.000000 0.000000 1.000000
0.998604 -0.000244 0.052825 0.000000 0.004740 0.996370 -0.085002 10.083500 -0.052613 0.085133 0.994980 -1.000800 0.000000 0.000000 0.000000 1.000000
0.998226 -0.006145 0.059213 -0.000000 0.011021 0.996541 -0.082374 10.083500 -0.058502 0.082880 0.994841 -1.000800 0.000000 0.000000 0.000000 1.000000
0.997956 -0.012301 0.062710 -0.000000 0.017340 0.996608 -0.080451 10.083500 -0.061508 0.081374 0.994784 -1.000800 0.000000 0.000000 0.000000 1.000000
0.997514 -0.018393 0.068028 0.000000 0.023747 0.996611 -0.078762 10.083500 -0.066349 0.080182 0.994570 -1.000800 0.000000 0.000000 0.000000 1.000000
0.996887 -0.023732 0.075182 0.000000 0.029526 0.996599 -0.076928 10.083500 -0.073101 0.078908 0.994198 -1.000800 0.000000 0.000000 0.000000 1.000000
0.996317 -0.028513 0.080871 -0.000000 0.034681 0.996511 -0.075918 10.083500 -0.078425 0.078443 0.993829 -1.000800 0.000000 0.000000 0.000000 1.000000
0.995981 -0.032369 0.083516 0.000000 0.038691 0.996416 -0.075222 10.083500 -0.080781 0.078151 0.993663 -1.000800 0.000000 0.000000 0.000000 1.000000
0.995865 -0.035117 0.083780 -0.000000 0.041378 0.996384 -0.074209 10.083500 -0.080871 0.077369 0.993717 -1.000800 0.000000 0.000000 0.000000 1.000000
0.995888 -0.037084 0.082656 0.000000 0.043218 0.996343 -0.073709 10.083500 -0.079621 0.076978 0.993849 -1.000800 0.000000 0.000000 0.000000 1.000000
0.995999 -0.038695 0.080554 0.000000 0.044683 0.996264 -0.073905 10.083500 -0.077393 0.077208 0.994007 -1.000800 0.000000 0.000000 0.000000 1.000000
0.996169 -0.040301 0.077609 -0.000000 0.046077 0.996183 -0.074140 10.083500 -0.074325 0.077432 0.994223 -1.000800 0.000000 0.000000 0.000000 1.000000
0.996370 -0.042108 0.073986 0.000000 0.047623 0.996089 -0.074420 10.083500 -0.070563 0.077673 0.994479 -1.000800 0.000000 0.000000 0.000000 1.000000
0.996571 -0.044108 0.070011 0.000000 0.049365 0.995943 -0.075238 10.083500 -0.066408 0.078436 0.994705 -1.000800 0.000000 0.000000 0.000000 1.000000
0.996750 -0.045826 0.066259 0.000000 0.050883 0.995751 -0.076758 10.083500 -0.062460 0.079880 0.994846 -1.000800 0.000000 0.000000 0.000000 1.000000
0.996899 -0.046780 0.063285 -0.000000 0.051743 0.995515 -0.079198 10.083500 -0.059296 0.082227 0.994848 -1.000800 0.000000 0.000000 0.000000 1.000000
0.996995 -0.047284 0.061357 -0.000000 0.052286 0.995207 -0.082644 10.083500 -0.057156 0.085604 0.994689 -1.000800 0.000000 0.000000 0.000000 1.000000
0.997039 -0.047719 0.060302 0.000000 0.052834 0.994867 -0.086303 10.083500 -0.055874 0.089233 0.994442 -1.000800 0.000000 0.000000 0.000000 1.000000
0.997090 -0.047655 0.059502 0.000000 0.052870 0.994592 -0.089391 10.083500 -0.054921 0.092276 0.994218 -1.000800 0.000000 0.000000 0.000000 1.000000
0.997186 -0.046831 0.058547 0.000000 0.052110 0.994379 -0.092164 10.083500 -0.053902 0.094955 0.994021 -1.000800 0.000000 0.000000 0.000000 1.000000
0.997306 -0.045772 0.057317 0.000000 0.051084 0.994173 -0.094925 10.083500 -0.052638 0.097597 0.993833 -1.000800 0.000000 0.000000 0.000000 1.000000
0.997438 -0.044910 0.055688 0.000000 0.050190 0.993984 -0.097346 10.083500 -0.050981 0.099892 0.993691 -1.000800 0.000000 0.000000 0.000000 1.000000
0.997589 -0.044033 0.053641 0.000000 0.049194 0.993866 -0.099042 10.083500 -0.048951 0.101442 0.993636 -1.000800 0.000000 0.000000 0.000000 1.000000
0.997735 -0.043215 0.051554 0.000000 0.048220 0.993802 -0.100165 10.083500 -0.046906 0.102424 0.993634 -1.000800 0.000000 0.000000 0.000000 1.000000
0.997855 -0.042451 0.049842 0.000000 0.047329 0.993744 -0.101155 10.083500 -0.045236 0.103297 0.993621 -1.000800 0.000000 0.000000 0.000000 1.000000
0.997972 -0.041087 0.048626 0.000000 0.045893 0.993700 -0.102241 10.083500 -0.044119 0.104265 0.993570 -1.000800 0.000000 0.000000 0.000000 1.000000
0.998107 -0.039030 0.047531 -0.000000 0.043784 0.993668 -0.103472 10.083500 -0.043192 0.105358 0.993496 -1.000800 0.000000 0.000000 0.000000 1.000000
0.998272 -0.036490 0.046059 -0.000000 0.041162 0.993626 -0.104947 10.083500 -0.041936 0.106661 0.993411 -1.000800 0.000000 0.000000 0.000000 1.000000
0.998457 -0.033688 0.044153 -0.000000 0.038244 0.993547 -0.106775 10.083500 -0.040271 0.108299 0.993302 -1.000800 0.000000 0.000000 0.000000 1.000000
0.998639 -0.030683 0.042186 0.000000 0.035103 0.993490 -0.108375 10.083500 -0.038586 0.109708 0.993215 -1.000800 0.000000 0.000000 0.000000 1.000000
0.998801 -0.027391 0.040576 0.000000 0.031678 0.993527 -0.109088 10.083500 -0.037325 0.110242 0.993204 -1.000800 0.000000 0.000000 0.000000 1.000000
0.998936 -0.024209 0.039244 0.000000 0.028354 0.993661 -0.108783 10.083500 -0.036362 0.109780 0.993291 -1.000800 0.000000 0.000000 0.000000 1.000000
0.999048 -0.021338 0.038059 -0.000000 0.025317 0.993899 -0.107350 10.083500 -0.035536 0.108211 0.993493 -1.000800 0.000000 0.000000 0.000000 1.000000
0.999135 -0.018587 0.037194 0.000000 0.022400 0.994234 -0.104864 10.083500 -0.035031 0.105606 0.993791 -1.000800 0.000000 0.000000 0.000000 1.000000
0.999196 -0.015829 0.036828 0.000000 0.019509 0.994611 -0.101820 10.083500 -0.035018 0.102457 0.994121 -1.000800 0.000000 0.000000 0.000000 1.000000
0.999241 -0.013051 0.036699 -0.000000 0.016629 0.994954 -0.098941 10.083500 -0.035223 0.099476 0.994416 -1.000800 0.000000 0.000000 0.000000 1.000000
0.999279 -0.010412 0.036518 -0.000000 0.013904 0.995215 -0.096712 10.083500 -0.035336 0.097150 0.994642 -1.000800 0.000000 0.000000 0.000000 1.000000
0.999303 -0.008168 0.036414 -0.000000 0.011606 0.995388 -0.095226 10.083500 -0.035468 0.095582 0.994789 -1.000800 0.000000 0.000000 0.000000 1.000000
0.999308 -0.006468 0.036628 0.000000 0.009901 0.995491 -0.094334 10.083500 -0.035853 0.094632 0.994867 -1.000800 0.000000 0.000000 0.000000 1.000000
0.999301 -0.005308 0.036995 0.000000 0.008758 0.995560 -0.093720 10.083500 -0.036333 0.093978 0.994911 -1.000800 0.000000 0.000000 0.000000 1.000000
0.999295 -0.004633 0.037247 0.000000 0.008086 0.995623 -0.093112 10.083500 -0.036653 0.093348 0.994959 -1.000800 0.000000 0.000000 0.000000 1.000000
0.999292 -0.004318 0.037364 0.000000 0.007755 0.995697 -0.092339 10.083500 -0.036805 0.092564 0.995026 -1.000800 0.000000 0.000000 0.000000 1.000000
0.999293 -0.004418 0.037328 0.000000 0.007810 0.995800 -0.091219 10.083500 -0.036768 0.091446 0.995131 -1.000800 0.000000 0.000000 0.000000 1.000000
0.999297 -0.004599 0.037195 0.000000 0.007935 0.995905 -0.090056 10.083500 -0.036629 0.090288 0.995242 -1.000800 0.000000 0.000000 0.000000 1.000000
0.999303 -0.004713 0.037041 -0.000000 0.007998 0.995997 -0.089025 10.083500 -0.036473 0.089259 0.995340 -1.000800 0.000000 0.000000 0.000000 1.000000
0.999305 -0.004911 0.036941 0.000000 0.008151 0.996081 -0.088072 10.083500 -0.036364 0.088312 0.995429 -1.000800 0.000000 0.000000 0.000000 1.000000
0.999304 -0.005223 0.036926 0.000000 0.008436 0.996137 -0.087405 10.083500 -0.036326 0.087656 0.995488 -1.000800 0.000000 0.000000 0.000000 1.000000
0.999306 -0.005550 0.036837 -0.000000 0.008741 0.996167 -0.087038 10.083500 -0.036213 0.087299 0.995524 -1.000800 0.000000 0.000000 0.000000 1.000000
0.999314 -0.005846 0.036582 0.000000 0.009010 0.996175 -0.086917 10.083500 -0.035934 0.087187 0.995544 -1.000800 0.000000 0.000000 0.000000 1.000000
0.999324 -0.006121 0.036261 0.000000 0.009257 0.996169 -0.086956 10.083500 -0.035590 0.087232 0.995552 -1.000800 0.000000 0.000000 0.000000 1.000000
0.999334 -0.006351 0.035945 0.000000 0.009459 0.996167 -0.086962 10.083500 -0.035255 0.087244 0.995563 -1.000800 0.000000 0.000000 0.000000 1.000000</float_array><technique_common><accessor source="#mixamorig_Spine1-Matrix-animation-output-transform-array" count="67" stride="16"><param type="float4x4"/></accessor></technique_common></source><source id="mixamorig_Spine1-Interpolations"><Name_array id="mixamorig_Spine1-Interpolations-array" count="67">
 LINEAR LINEAR LINEAR LINEAR LINEAR LINEAR LINEAR LINEAR LINEAR LINEAR LINEAR
LINEAR LINEAR LINEAR LINEAR LINEAR LINEAR LINEAR LINEAR LINEAR LINEAR LINEAR LINEAR
LINEAR LINEAR LINEAR LINEAR LINEAR LINEAR LINEAR LINEAR LINEAR LINEAR LINEAR LINEAR
LINEAR LINEAR LINEAR LINEAR LINEAR LINEAR LINEAR LINEAR LINEAR LINEAR LINEAR LINEAR
LINEAR LINEAR LINEAR LINEAR LINEAR LINEAR LINEAR LINEAR LINEAR LINEAR LINEAR LINEAR
LINEAR LINEAR LINEAR LINEAR LINEAR LINEAR LINEAR LINEAR</Name_array><technique_common><accessor source="#mixamorig_Spine1-Interpolations-array" count="67"><param type="name"/></accessor></technique_common></source><sampler id="mixamorig_Spine1-Matrix-animation-transform"><input semantic="INPUT" source="#mixamorig_Spine1-Matrix-animation-input"/><input semantic="OUTPUT" source="#mixamorig_Spine1-Matrix-animation-output-transform"/><input semantic="INTERPOLATION" source="#mixamorig_Spine1-Interpolations"/></sampler><channel source="#mixamorig_Spine1-Matrix-animation-transform" target="mixamorig_Spine1/matrix"/></animation>
    <animation id="mixamorig_Spine2-anim" name="mixamorig_Spine2"><source id="mixamorig_Spine2-Matrix-animation-input"><float_array id="mixamorig_Spine2-Matrix-animation-input-array" count="67">

0.000000 0.033333 0.066667 0.100000 0.133333 0.166667 0.200000 0.233333 0.266667 0.300000 0.333333 0.366667 0.400000 0.433333 0.466667 0.500000
0.533333 0.566667 0.600000 0.633333 0.666667 0.700000 0.733333 0.766667 0.800000 0.833333 0.866667 0.900000 0.933333 0.966667 1.000000 1.033333
1.066667 1.100000 1.133333 1.166667 1.200000 1.233333 1.266667 1.300000 1.333333 1.366667 1.400000 1.433333 1.466667 1.500000 1.533333 1.566667
1.600000 1.633333 1.666667 1.700000 1.733333 1.766667 1.800000 1.833333 1.866667 1.900000 1.933333 1.966667 2.000000 2.033333 2.066667 2.100000
2.133333 2.166667 2.200000</float_array><technique_common><accessor source="#mixamorig_Spine2-Matrix-animation-input-array" count="67"><param name="TIME" type="float"/></accessor></technique_common></source><source id="mixamorig_Spine2-Matrix-animation-output-transform"><float_array id="mixamorig_Spine2-Matrix-animation-output-transform-array" count="1072">

0.999306 -0.006426 0.036678 0.000000 0.009584 0.996198 -0.086594 9.100000 -0.035983 0.086886 0.995568 -1.373400 0.000000 0.000000 0.000000 1.000000
0.999316 -0.006279 0.036448 -0.000000 0.009392 0.996262 -0.085870 9.100000 -0.035773 0.086153 0.995639 -1.373400 0.000000 0.000000 0.000000 1.000000
0.999322 -0.005960 0.036323 -0.000000 0.009035 0.996330 -0.085113 9.100000 -0.035683 0.085384 0.995709 -1.373400 0.000000 0.000000 0.000000 1.000000
0.999328 -0.005434 0.036261 0.000000 0.008475 0.996408 -0.084262 9.100000 -0.035673 0.084513 0.995784 -1.373400 0.000000 0.000000 0.000000 1.000000
0.999334 -0.004621 0.036183 -0.000000 0.007624 0.996494 -0.083315 9.100000 -0.035671 0.083535 0.995866 -1.373400 0.000000 0.000000 0.000000 1.000000
0.999343 -0.003318 0.036079 0.000000 0.006281 0.996585 -0.082331 9.100000 -0.035682 0.082503 0.995952 -1.373400 0.000000 0.000000 0.000000 1.000000
0.999343 -0.001448 0.036206 0.000000 0.004396 0.996666 -0.081477 9.100000 -0.035967 0.081583 0.996017 -1.373400 0.000000 0.000000 0.000000 1.000000
