<?xml version="1.0" encoding="utf-8"?>
<COLLADA xmlns="http://www.collada.org/2005/11/COLLADASchema" version="1.4.1">
  <asset><contributor><author>Mixamo</author><authoring_tool>COLLADA Mixamo exporter</authoring_tool><comments></comments></contributor><created>2019-01-22T20:26:21Z</created><modified>2019-01-22T20:26:21Z</modified><revision></revision><title></title><unit meter="0.010000"/><up_axis>Y_UP</up_axis></asset>
  <library_animations>
    <animation id="mixamorig_Hips-anim" name="mixamorig_Hips"><source id="mixamorig_Hips-Matrix-animation-input"><float_array id="mixamorig_Hips-Matrix-animation-input-array" count="56">

0.000000 0.033333 0.066667 0.100000 0.133333 0.166667 0.200000 0.233333 0.266667 0.300000 0.333333 0.366667 0.400000 0.433333 0.466667 0.500000
0.533333 0.566667 0.600000 0.633333 0.666667 0.700000 0.733333 0.766667 0.800000 0.833333 0.866667 0.900000 0.933333 0.966667 1.000000 1.033333
1.066667 1.100000 1.133333 1.166667 1.200000 1.233333 1.266667 1.300000 1.333333 1.366667 1.400000 1.433333 1.466667 1.500000 1.533333 1.566667
1.600000 1.633333 1.666667 1.700000 1.733333 1.766667 1.800000 1.833333</float_array><technique_common><accessor source="#mixamorig_Hips-Matrix-animation-input-array" count="56"><param name="TIME" type="float"/></accessor></technique_common></source><source id="mixamorig_Hips-Matrix-animation-output-transform"><float_array id="mixamorig_Hips-Matrix-animation-output-transform-array" count="896">

0.827951 0.010524 -0.560701 -1.519157 0.018992 0.998724 0.046790 91.353233 0.560479 -0.049388 0.826695 1.712150 0.000000 0.000000 0.000000 1.000000
0.826698 0.025177 -0.562083 -1.347009 0.013217 0.997854 0.064135 90.362846 0.562491 -0.060449 0.824590 2.754328 0.000000 0.000000 0.000000 1.000000
0.820755 0.039234 -0.569932 -1.155282 0.010792 0.996396 0.084134 89.391327 0.571179 -0.075204 0.817373 4.220485 0.000000 0.000000 0.000000 1.000000
0.804610 0.048582 -0.591813 -0.959193 0.013303 0.994923 0.099760 88.645706 0.593655 -0.088141 0.799878 6.399668 0.000000 0.000000 0.000000 1.000000
0.774022 0.048746 -0.631279 -0.755464 0.021191 0.994479 0.102774 88.368187 0.632804 -0.092927 0.768716 9.405005 0.000000 0.000000 0.000000 1.000000
0.730523 0.040452 -0.681689 -0.471889 0.028960 0.995511 0.090110 88.754372 0.682274 -0.085569 0.726072 13.092386 0.000000 0.000000 0.000000 1.000000
0.682095 0.030033 -0.730646 0.006435 0.028629 0.997294 0.067720 89.743843 0.730703 -0.067109 0.679389 17.156927 0.000000 0.000000 0.000000 1.000000
0.636321 0.023932 -0.771053 0.777157 0.018214 0.998774 0.046031 90.958473 0.771209 -0.043334 0.635105 21.240591 0.000000 0.000000 0.000000 1.000000
0.593394 0.025847 -0.804497 1.871891 -0.000062 0.999486 0.032066 91.989937 0.804912 -0.018978 0.593090 25.276684 0.000000 0.000000 0.000000 1.000000
0.550075 0.034758 -0.834391 3.246492 -0.022598 0.999387 0.026733 92.404137 0.834809 0.004150 0.550524 29.442537 0.000000 0.000000 0.000000 1.000000
0.508972 0.046464 -0.859528 4.810303 -0.045605 0.998595 0.026976 91.787804 0.859574 0.025469 0.510376 33.919800 0.000000 0.000000 0.000000 1.000000
0.477558 0.055487 -0.876847 6.501989 -0.063060 0.997595 0.028783 89.839516 0.876334 0.041548 0.479908 38.545475 0.000000 0.000000 0.000000 1.000000
0.459699 0.060377 -0.886020 8.206872 -0.072828 0.996889 0.030146 87.054871 0.885083 0.050669 0.462666 42.880150 0.000000 0.000000 0.000000 1.000000
0.453544 0.062260 -0.889057 9.729761 -0.073380 0.996779 0.032370 84.375572 0.888208 0.050558 0.456651 46.506680 0.000000 0.000000 0.000000 1.000000
0.456520 0.064560 -0.887368 10.917004 -0.068480 0.996955 0.037302 82.458809 0.887074 0.043738 0.459551 49.366753 0.000000 0.000000 0.000000 1.000000
0.466688 0.067548 -0.881839 11.658798 -0.061883 0.997129 0.043630 81.473434 0.882255 0.034209 0.469528 51.515953 0.000000 0.000000 0.000000 1.000000
0.479793 0.068085 -0.874736 12.030040 -0.054876 0.997361 0.047530 81.147148 0.875664 0.025197 0.482263 53.026241 0.000000 0.000000 0.000000 1.000000
0.490219 0.064391 -0.869217 12.154408 -0.047303 0.997763 0.047235 81.162148 0.870315 0.017961 0.492169 53.874039 0.000000 0.000000 0.000000 1.000000
0.495567 0.059732 -0.866514 12.062690 -0.040353 0.998139 0.045728 81.358871 0.867632 0.012305 0.497055 54.029785 0.000000 0.000000 0.000000 1.000000
0.497943 0.059077 -0.865195 11.709698 -0.034944 0.998234 0.048049 81.760605 0.866505 0.006308 0.499128 53.511402 0.000000 0.000000 0.000000 1.000000
0.501164 0.063384 -0.863028 11.085969 -0.029672 0.997986 0.056065 82.491455 0.864843 -0.002490 0.502035 52.368423 0.000000 0.000000 0.000000 1.000000
0.508608 0.067834 -0.858322 10.239053 -0.021595 0.997583 0.066044 83.663620 0.860727 -0.015055 0.508844 50.600319 0.000000 0.000000 0.000000 1.000000
0.523531 0.065204 -0.849508 9.241269 -0.008789 0.997428 0.071142 85.258293 0.851961 -0.029779 0.522758 48.157715 0.000000 0.000000 0.000000 1.000000
0.548545 0.051563 -0.834530 8.201002 0.007529 0.997752 0.066597 87.026360 0.836087 -0.042815 0.546923 45.145023 0.000000 0.000000 0.000000 1.000000
0.582745 0.029388 -0.812123 7.271054 0.024599 0.998250 0.053774 88.639481 0.812283 -0.051313 0.581003 41.898205 0.000000 0.000000 0.000000 1.000000
0.620255 0.006080 -0.784377 6.565710 0.040541 0.998385 0.039797 90.013451 0.783352 -0.056484 0.619007 38.726555 0.000000 0.000000 0.000000 1.000000
0.653361 -0.008531 -0.756998 6.152401 0.050822 0.998175 0.032615 91.151176 0.755339 -0.059781 0.652602 35.878845 0.000000 0.000000 0.000000 1.000000
0.677298 -0.009906 -0.735642 5.966392 0.052654 0.997998 0.035038 92.252090 0.733822 -0.062466 0.676464 33.357479 0.000000 0.000000 0.000000 1.000000
0.692083 -0.000248 -0.721818 5.926970 0.044753 0.998091 0.042566 93.351547 0.720429 -0.061763 0.690773 31.244379 0.000000 0.000000 0.000000 1.000000
0.699092 0.013282 -0.714908 5.961109 0.028784 0.998494 0.046698 94.403915 0.714452 -0.053224 0.697657 29.518162 0.000000 0.000000 0.000000 1.000000
0.698474 0.023857 -0.715237 6.062741 0.008374 0.999103 0.041503 95.331558 0.715586 -0.034978 0.697648 28.091787 0.000000 0.000000 0.000000 1.000000
0.690547 0.029310 -0.722693 6.280169 -0.012697 0.999516 0.028405 96.027008 0.723176 -0.010439 0.690585 26.846889 0.000000 0.000000 0.000000 1.000000
0.679110 0.031896 -0.733343 6.618238 -0.030560 0.999418 0.015169 96.323502 0.733400 0.012110 0.679689 25.617409 0.000000 0.000000 0.000000 1.000000
0.671431 0.035611 -0.740211 6.964072 -0.042079 0.999065 0.009896 96.118347 0.739871 0.024503 0.672302 24.214346 0.000000 0.000000 0.000000 1.000000
0.673972 0.043391 -0.737482 7.154826 -0.047483 0.998754 0.015369 95.505783 0.737229 0.024660 0.675192 22.581844 0.000000 0.000000 0.000000 1.000000
0.688139 0.053568 -0.723599 7.077000 -0.048326 0.998440 0.027957 94.699806 0.723968 0.015731 0.689654 20.793613 0.000000 0.000000 0.000000 1.000000
0.710455 0.061474 -0.701052 6.717881 -0.045942 0.998104 0.040964 93.918999 0.702241 0.003104 0.711932 18.952465 0.000000 0.000000 0.000000 1.000000
0.735478 0.062019 -0.674704 6.087246 -0.038653 0.998021 0.049604 93.203377 0.676445 -0.010404 0.736420 17.007278 0.000000 0.000000 0.000000 1.000000
0.758602 0.054729 -0.649251 5.223170 -0.026187 0.998222 0.053548 92.568268 0.651027 -0.023620 0.758687 14.858611 0.000000 0.000000 0.000000 1.000000
0.777199 0.042613 -0.627810 4.211482 -0.010150 0.998424 0.055203 92.027092 0.629173 -0.036531 0.776406 12.443815 0.000000 0.000000 0.000000 1.000000
0.790943 0.029285 -0.611189 3.185010 0.006428 0.998401 0.056157 91.655045 0.611856 -0.048346 0.789490 9.836314 0.000000 0.000000 0.000000 1.000000
0.801340 0.015978 -0.597995 2.246072 0.021605 0.998218 0.055624 91.545845 0.597818 -0.057493 0.799567 7.209319 0.000000 0.000000 0.000000 1.000000
0.810721 0.001656 -0.585431 1.423164 0.035462 0.998021 0.051932 91.751488 0.584358 -0.062863 0.809057 4.743011 0.000000 0.000000 0.000000 1.000000
0.821126 -0.014579 -0.570561 0.692716 0.048994 0.997784 0.045014 92.217110 0.568640 -0.064916 0.820021 2.565338 0.000000 0.000000 0.000000 1.000000
0.833571 -0.030817 -0.551552 0.034246 0.061383 0.997427 0.037040 92.847672 0.548991 -0.064731 0.833318 0.787102 0.000000 0.000000 0.000000 1.000000
0.847409 -0.044020 -0.529113 -0.535111 0.070816 0.997024 0.030468 93.558517 0.526197 -0.063288 0.848004 -0.559938 0.000000 0.000000 0.000000 1.000000
0.860375 -0.052368 -0.506963 -0.994004 0.075919 0.996778 0.025878 94.278625 0.503975 -0.060752 0.861579 -1.488288 0.000000 0.000000 0.000000 1.000000
0.869625 -0.055989 -0.490527 -1.343278 0.076650 0.996813 0.022113 94.918999 0.487726 -0.056829 0.871145 -2.037586 0.000000 0.000000 0.000000 1.000000
0.873127 -0.055711 -0.484298 -1.595886 0.073760 0.997109 0.018277 95.356804 0.481880 -0.051679 0.874712 -2.257999 0.000000 0.000000 0.000000 1.000000
0.870471 -0.051819 -0.489484 -1.752749 0.067873 0.997580 0.015093 95.470207 0.487517 -0.046361 0.871882 -2.187388 0.000000 0.000000 0.000000 1.000000
0.862889 -0.044684 -0.503415 -1.819289 0.060021 0.998095 0.014287 95.237953 0.501817 -0.042544 0.863927 -1.894223 0.000000 0.000000 0.000000 1.000000
0.852794 -0.035107 -0.521067 -1.816925 0.051398 0.998536 0.016843 94.727272 0.519713 -0.041146 0.853350 -1.430021 0.000000 0.000000 0.000000 1.000000
0.842886 -0.024161 -0.537549 -1.773660 0.042754 0.998840 0.022143 94.023521 0.536391 -0.041646 0.842942 -0.808846 0.000000 0.000000 0.000000 1.000000
0.835195 -0.012744 -0.549807 -1.707102 0.034319 0.998991 0.028977 93.194092 0.548882 -0.043070 0.834789 -0.048062 0.000000 0.000000 0.000000 1.000000
0.830380 -0.001241 -0.557196 -1.622564 0.026302 0.998970 0.036972 92.294273 0.556576 -0.045356 0.829558 0.810478 0.000000 0.000000 0.000000 1.000000
0.827951 0.010524 -0.560702 -1.519158 0.018992 0.998724 0.046789 91.353233 0.560479 -0.049388 0.826695 1.712148 0.000000 0.000000 0.000000 1.000000</float_array><technique_common><accessor source="#mixamorig_Hips-Matrix-animation-output-transform-array" count="56" stride="16"><param type="float4x4"/></accessor></technique_common></source><source id="mixamorig_Hips-Interpolations"><Name_array id="mixamorig_Hips-Interpolations-array" count="56">
 LINEAR LINEAR LINEAR LINEAR LINEAR LINEAR LINEAR LINEAR LINEAR LINEAR LINEAR
LINEAR LINEAR LINEAR LINEAR LINEAR LINEAR LINEAR LINEAR LINEAR LINEAR LINEAR LINEAR
LINEAR LINEAR LINEAR LINEAR LINEAR LINEAR LINEAR LINEAR LINEAR LINEAR LINEAR LINEAR
LINEAR LINEAR LINEAR LINEAR LINEAR LINEAR LINEAR LINEAR LINEAR LINEAR LINEAR LINEAR
LINEAR LINEAR LINEAR LINEAR LINEAR LINEAR LINEAR LINEAR LINEAR</Name_array><technique_common><accessor source="#mixamorig_Hips-Interpolations-array" count="56"><param type="name"/></accessor></technique_common></source><sampler id="mixamorig_Hips-Matrix-animation-transform"><input semantic="INPUT" source="#mixamorig_Hips-Matrix-animation-input"/><input semantic="OUTPUT" source="#mixamorig_Hips-Matrix-animation-output-transform"/><input semantic="INTERPOLATION" source="#mixamorig_Hips-Interpolations"/></sampler><channel source="#mixamorig_Hips-Matrix-animation-transform" target="mixamorig_Hips/matrix"/></animation>
    <animation id="mixamorig_Spine-anim" name="mixamorig_Spine"><source id="mixamorig_Spine-Matrix-animation-input"><float_array id="mixamorig_Spine-Matrix-animation-input-array" count="56">

0.000000 0.033333 0.066667 0.100000 0.133333 0.166667 0.200000 0.233333 0.266667 0.300000 0.333333 0.366667 0.400000 0.433333 0.466667 0.500000
0.533333 0.566667 0.600000 0.633333 0.666667 0.700000 0.733333 0.766667 0.800000 0.833333 0.866667 0.900000 0.933333 0.966667 1.000000 1.033333
1.066667 1.100000 1.133333 1.166667 1.200000 1.233333 1.266667 1.300000 1.333333 1.366667 1.400000 1.433333 1.466667 1.500000 1.533333 1.566667
1.600000 1.633333 1.666667 1.700000 1.733333 1.766667 1.800000 1.833333</float_array><technique_common><accessor source="#mixamorig_Spine-Matrix-animation-input-array" count="56"><param name="TIME" type="float"/></accessor></technique_common></source><source id="mixamorig_Spine-Matrix-animation-output-transform"><float_array id="mixamorig_Spine-Matrix-animation-output-transform-array" count="896">

0.999646 -0.014281 0.022457 0.000000 0.015953 0.996971 -0.076115 10.181600 -0.021302 0.076446 0.996846 0.131500 0.000000 0.000000 0.000000 1.000000
0.999613 -0.016903 0.022103 0.000000 0.018728 0.996193 -0.085136 10.181600 -0.020580 0.085517 0.996124 0.131500 0.000000 0.000000 0.000000 1.000000
0.999511 -0.019710 0.024287 0.000000 0.021962 0.995116 -0.096243 10.181600 -0.022272 0.096730 0.995061 0.131500 0.000000 0.000000 0.000000 1.000000
0.999369 -0.019587 0.029645 0.000000 0.022616 0.994158 -0.105540 10.181600 -0.027405 0.106143 0.993973 0.131500 0.000000 0.000000 0.000000 1.000000
0.999226 -0.014303 0.036638 0.000000 0.018187 0.993988 -0.107966 10.181600 -0.034873 0.108549 0.993479 0.131500 0.000000 0.000000 0.000000 1.000000
0.999104 -0.005600 0.041957 0.000000 0.009870 0.994709 -0.102260 10.181600 -0.041162 0.102582 0.993873 0.131500 0.000000 0.000000 0.000000 1.000000
0.999044 0.003456 0.043589 0.000000 0.000555 0.995787 -0.091693 10.181600 -0.043722 0.091629 0.994833 0.131500 0.000000 0.000000 0.000000 1.000000
0.999089 0.012826 0.040696 0.000000 -0.009452 0.996583 -0.082051 10.181600 -0.041609 0.081591 0.995797 0.131500 0.000000 0.000000 0.000000 1.000000
0.999199 0.020057 0.034624 0.000000 -0.017356 0.996909 -0.076622 10.181600 -0.036054 0.075960 0.996459 0.131500 0.000000 0.000000 0.000000 1.000000
0.999415 0.021537 0.026564 0.000000 -0.019513 0.997050 -0.074236 10.181600 -0.028085 0.073674 0.996887 0.131500 0.000000 0.000000 0.000000 1.000000
0.999716 0.016181 0.017481 -0.000000 -0.014853 0.997176 -0.073616 10.181600 -0.018623 0.073335 0.997133 0.131500 0.000000 0.000000 0.000000 1.000000
0.999907 0.010153 0.009097 0.000000 -0.009435 0.997081 -0.075760 10.181600 -0.009839 0.075667 0.997085 0.131500 0.000000 0.000000 0.000000 1.000000
0.999959 0.008358 0.003587 0.000000 -0.008033 0.996539 -0.082742 10.181600 -0.004266 0.082710 0.996565 0.131500 0.000000 0.000000 0.000000 1.000000
0.999906 0.013536 0.002167 0.000000 -0.013270 0.995419 -0.094681 10.181600 -0.003439 0.094643 0.995505 0.131500 0.000000 0.000000 0.000000 1.000000
0.999774 0.020646 0.004999 0.000000 -0.019982 0.993887 -0.108579 10.181600 -0.007210 0.108454 0.994075 0.131500 0.000000 0.000000 0.000000 1.000000
0.999639 0.024713 0.010589 0.000000 -0.023261 0.992463 -0.120314 10.181600 -0.013482 0.120024 0.992679 0.131500 0.000000 0.000000 0.000000 1.000000
0.999545 0.025438 0.016197 -0.000000 -0.023171 0.991581 -0.127394 10.181600 -0.019301 0.126961 0.991720 0.131500 0.000000 0.000000 0.000000 1.000000
0.999472 0.025801 0.019737 -0.000000 -0.023021 0.991248 -0.129988 10.181600 -0.022918 0.129465 0.991319 0.131500 0.000000 0.000000 0.000000 1.000000
0.999414 0.027004 0.021046 0.000000 -0.024052 0.991263 -0.129688 10.181600 -0.024364 0.129105 0.991332 0.131500 0.000000 0.000000 0.000000 1.000000
0.999389 0.027601 0.021464 0.000000 -0.024641 0.991508 -0.127690 10.181600 -0.024806 0.127083 0.991582 0.131500 0.000000 0.000000 0.000000 1.000000
0.999418 0.025693 0.022454 0.000000 -0.022712 0.991999 -0.124184 10.181600 -0.025465 0.123602 0.992005 0.131500 0.000000 0.000000 0.000000 1.000000
0.999467 0.021520 0.024565 -0.000000 -0.018453 0.992737 -0.118885 10.181600 -0.026945 0.118368 0.992604 0.131500 0.000000 0.000000 0.000000 1.000000
0.999471 0.017492 0.027416 0.000000 -0.014335 0.993672 -0.111398 10.181600 -0.029191 0.110946 0.993398 0.131500 0.000000 0.000000 0.000000 1.000000
0.999434 0.014619 0.030302 0.000000 -0.011484 0.994804 -0.101161 10.181600 -0.031624 0.100756 0.994408 0.131500 0.000000 0.000000 0.000000 1.000000
0.999403 0.011504 0.032570 0.000000 -0.008588 0.996056 -0.088311 10.181600 -0.033458 0.087979 0.995560 0.131500 0.000000 0.000000 0.000000 1.000000
0.999404 0.007890 0.033596 0.000000 -0.005331 0.997125 -0.075590 10.181600 -0.034096 0.075366 0.996573 0.131500 0.000000 0.000000 0.000000 1.000000
0.999441 0.003657 0.033246 -0.000000 -0.001388 0.997683 -0.068020 10.181600 -0.033418 0.067935 0.997130 0.131500 0.000000 0.000000 0.000000 1.000000
0.999488 0.000683 0.031996 -0.000000 0.001513 0.997648 -0.068531 10.181600 -0.031968 0.068544 0.997136 0.131500 0.000000 0.000000 0.000000 1.000000
0.999547 -0.001837 0.030028 0.000000 0.004056 0.997249 -0.074008 10.181600 -0.029809 0.074096 0.996805 0.131500 0.000000 0.000000 0.000000 1.000000
0.999602 -0.005157 0.027735 0.000000 0.007306 0.996930 -0.077955 10.181600 -0.027248 0.078126 0.996571 0.131500 0.000000 0.000000 0.000000 1.000000
0.999629 -0.009127 0.025648 0.000000 0.011064 0.997012 -0.076451 10.181600 -0.024873 0.076707 0.996743 0.131500 0.000000 0.000000 0.000000 1.000000
0.999629 -0.013020 0.023907 0.000000 0.014688 0.997369 -0.070982 10.181600 -0.022920 0.071307 0.997191 0.131500 0.000000 0.000000 0.000000 1.000000
0.999639 -0.015425 0.021998 -0.000000 0.016859 0.997640 -0.066566 10.181600 -0.020920 0.066913 0.997539 0.131500 0.000000 0.000000 0.000000 1.000000
0.999698 -0.014796 0.019600 0.000000 0.016088 0.997592 -0.067460 10.181600 -0.018555 0.067755 0.997529 0.131500 0.000000 0.000000 0.000000 1.000000
0.999782 -0.011983 0.017107 0.000000 0.013216 0.997180 -0.073878 10.181600 -0.016173 0.074088 0.997121 0.131500 0.000000 0.000000 0.000000 1.000000
0.999845 -0.008768 0.015265 0.000000 0.009993 0.996573 -0.082111 10.181600 -0.014492 0.082251 0.996506 0.131500 0.000000 0.000000 0.000000 1.000000
0.999868 -0.007133 0.014566 0.000000 0.008383 0.996122 -0.087582 10.181600 -0.013885 0.087692 0.996051 0.131500 0.000000 0.000000 0.000000 1.000000
0.999861 -0.006086 0.015530 0.000000 0.007433 0.996073 -0.088226 10.181600 -0.014932 0.088329 0.995979 0.131500 0.000000 0.000000 0.000000 1.000000
0.999817 -0.005076 0.018434 0.000000 0.006632 0.996328 -0.085356 10.181600 -0.017934 0.085462 0.996180 0.131500 0.000000 0.000000 0.000000 1.000000
0.999728 -0.004350 0.022913 0.000000 0.006212 0.996627 -0.081832 10.181600 -0.022479 0.081952 0.996383 0.131500 0.000000 0.000000 0.000000 1.000000
0.999601 -0.005212 0.027778 0.000000 0.007406 0.996808 -0.079488 10.181600 -0.027275 0.079662 0.996449 0.131500 0.000000 0.000000 0.000000 1.000000
0.999466 -0.008072 0.031671 0.000000 0.010523 0.996899 -0.077980 10.181600 -0.030943 0.078272 0.996452 0.131500 0.000000 0.000000 0.000000 1.000000
0.999362 -0.011520 0.033819 0.000000 0.014055 0.997031 -0.075706 10.181600 -0.032847 0.076133 0.996557 0.131500 0.000000 0.000000 0.000000 1.000000
0.999324 -0.013327 0.034274 0.000000 0.015759 0.997301 -0.071709 10.181600 -0.033226 0.072201 0.996837 0.131500 0.000000 0.000000 0.000000 1.000000
0.999354 -0.013250 0.033408 0.000000 0.015456 0.997657 -0.066645 10.181600 -0.032447 0.067119 0.997217 0.131500 0.000000 0.000000 0.000000 1.000000
0.999422 -0.012422 0.031648 0.000000 0.014367 0.997972 -0.062004 10.181600 -0.030814 0.062423 0.997574 0.131500 0.000000 0.000000 0.000000 1.000000
0.999492 -0.012015 0.029530 0.000000 0.013732 0.998184 -0.058648 10.181600 -0.028772 0.059024 0.997842 0.131500 0.000000 0.000000 0.000000 1.000000
0.999540 -0.012265 0.027747 -0.000000 0.013814 0.998315 -0.056359 10.181600 -0.027009 0.056716 0.998025 0.131500 0.000000 0.000000 0.000000 1.000000
0.999557 -0.012824 0.026867 0.000000 0.014277 0.998407 -0.054590 10.181600 -0.026124 0.054949 0.998147 0.131500 0.000000 0.000000 0.000000 1.000000
0.999545 -0.013687 0.026896 0.000000 0.015106 0.998465 -0.053285 10.181600 -0.026125 0.053667 0.998217 0.131500 0.000000 0.000000 0.000000 1.000000
0.999520 -0.014742 0.027233 -0.000000 0.016171 0.998461 -0.053044 10.181600 -0.026409 0.053459 0.998221 0.131500 0.000000 0.000000 0.000000 1.000000
0.999509 -0.015611 0.027167 0.000000 0.017078 0.998359 -0.054654 10.181600 -0.026269 0.055091 0.998136 0.131500 0.000000 0.000000 0.000000 1.000000
0.999527 -0.015712 0.026422 0.000000 0.017233 0.998147 -0.058362 10.181600 -0.025456 0.058790 0.997946 0.131500 0.000000 0.000000 0.000000 1.000000
0.999571 -0.014901 0.025205 0.000000 0.016477 0.997844 -0.063530 10.181600 -0.024204 0.063919 0.997662 0.131500 0.000000 0.000000 0.000000 1.000000
0.999619 -0.014034 0.023783 -0.000000 0.015654 0.997469 -0.069352 10.181600 -0.022750 0.069698 0.997309 0.131500 0.000000 0.000000 0.000000 1.000000
0.999646 -0.014281 0.022457 0.000000 0.015953 0.996971 -0.076115 10.181600 -0.021302 0.076446 0.996846 0.131500 0.000000 0.000000 0.000000 1.000000</float_array><technique_common><accessor source="#mixamorig_Spine-Matrix-animation-output-transform-array" count="56" stride="16"><param type="float4x4"/></accessor></technique_common></source><source id="mixamorig_Spine-Interpolations"><Name_array id="mixamorig_Spine-Interpolations-array" count="56">
 LINEAR LINEAR LINEAR LINEAR LINEAR LINEAR LINEAR LINEAR LINEAR LINEAR LINEAR
LINEAR LINEAR LINEAR LINEAR LINEAR LINEAR LINEAR LINEAR LINEAR LINEAR LINEAR LINEAR
LINEAR LINEAR LINEAR LINEAR LINEAR LINEAR LINEAR LINEAR LINEAR LINEAR LINEAR LINEAR
LINEAR LINEAR LINEAR LINEAR LINEAR LINEAR LINEAR LINEAR LINEAR LINEAR LINEAR LINEAR
LINEAR LINEAR LINEAR LINEAR LINEAR LINEAR LINEAR LINEAR LINEAR</Name_array><technique_common><accessor source="#mixamorig_Spine-Interpolations-array" count="56"><param type="name"/></accessor></technique_common></source><sampler id="mixamorig_Spine-Matrix-animation-transform"><input semantic="INPUT" source="#mixamorig_Spine-Matrix-animation-input"/><input semantic="OUTPUT" source="#mixamorig_Spine-Matrix-animation-output-transform"/><input semantic="INTERPOLATION" source="#mixamorig_Spine-Interpolations"/></sampler><channel source="#mixamorig_Spine-Matrix-animation-transform" target="mixamorig_Spine/matrix"/></animation>
    <animation id="mixamorig_Spine1-anim" name="mixamorig_Spine1"><source id="mixamorig_Spine1-Matrix-animation-input"><float_array id="mixamorig_Spine1-Matrix-animation-input-array" count="56">

0.000000 0.033333 0.066667 0.100000 0.133333 0.166667 0.200000 0.233333 0.266667 0.300000 0.333333 0.366667 0.400000 0.433333 0.466667 0.500000
0.533333 0.566667 0.600000 0.633333 0.666667 0.700000 0.733333 0.766667 0.800000 0.833333 0.866667 0.900000 0.933333 0.966667 1.000000 1.033333
1.066667 1.100000 1.133333 1.166667 1.200000 1.233333 1.266667 1.300000 1.333333 1.366667 1.400000 1.433333 1.466667 1.500000 1.533333 1.566667
1.600000 1.633333 1.666667 1.700000 1.733333 1.766667 1.800000 1.833333</float_array><technique_common><accessor source="#mixamorig_Spine1-Matrix-animation-input-array" count="56"><param name="TIME" type="float"/></accessor></technique_common></source><source id="mixamorig_Spine1-Matrix-animation-output-transform"><float_array id="mixamorig_Spine1-Matrix-animation-output-transform-array" count="896">

0.999011 -0.000564 0.044455 0.000000 0.005650 0.993421 -0.114379 10.083500 -0.044098 0.114517 0.992442 -1.000800 0.000000 0.000000 0.000000 1.000000
0.999052 -0.003138 0.043414 0.000000 0.008536 0.992154 -0.124726 10.083500 -0.042682 0.124979 0.991241 -1.000800 0.000000 0.000000 0.000000 1.000000
0.998867 -0.003440 0.047469 0.000000 0.009928 0.990503 -0.137132 10.083500 -0.046547 0.137448 0.989415 -1.000800 0.000000 0.000000 0.000000 1.000000
0.998323 0.001935 0.057849 0.000000 0.006575 0.989179 -0.146565 10.083500 -0.057507 0.146700 0.987508 -1.000800 0.000000 0.000000 0.000000 1.000000
0.997385 0.012471 0.071183 0.000000 -0.001882 0.989145 -0.146928 10.083500 -0.072243 0.146409 0.986583 -1.000800 0.000000 0.000000 0.000000 1.000000
0.996419 0.023557 0.081209 0.000000 -0.012246 0.990487 -0.137057 10.083500 -0.083665 0.135572 0.987229 -1.000800 0.000000 0.000000 0.000000 1.000000
0.995987 0.030979 0.083968 0.000000 -0.020641 0.992402 -0.121297 10.083500 -0.087088 0.119077 0.989058 -1.000800 0.000000 0.000000 0.000000 1.000000
0.996524 0.032554 0.076680 0.000000 -0.024236 0.993962 -0.107014 10.083500 -0.079700 0.104784 0.991296 -1.000800 0.000000 0.000000 0.000000 1.000000
0.997636 0.028748 0.062411 -0.000000 -0.022421 0.994753 -0.099818 10.083500 -0.064953 0.098183 0.993046 -1.000800 0.000000 0.000000 0.000000 1.000000
0.998774 0.020242 0.045184 0.000000 -0.015708 0.995010 -0.098530 10.083500 -0.046953 0.097700 0.994108 -1.000800 0.000000 0.000000 0.000000 1.000000
0.999572 0.008936 0.027863 -0.000000 -0.006097 0.994931 -0.100372 10.083500 -0.028619 0.100159 0.994560 -1.000800 0.000000 0.000000 0.000000 1.000000
0.999924 -0.000669 0.012271 0.000000 0.001948 0.994521 -0.104517 10.083500 -0.012134 0.104533 0.994447 -1.000800 0.000000 0.000000 0.000000 1.000000
0.999993 -0.003619 0.000719 0.000000 0.003677 0.993606 -0.112840 10.083500 -0.000306 0.112842 0.993613 -1.000800 0.000000 0.000000 0.000000 1.000000
0.999992 0.001218 -0.003886 0.000000 -0.001701 0.991906 -0.126963 10.083500 0.003700 0.126968 0.991900 -1.000800 0.000000 0.000000 0.000000 1.000000
0.999949 0.010113 -0.000185 0.000000 -0.010032 0.989352 -0.145193 10.083500 -0.001285 0.145188 0.989403 -1.000800 0.000000 0.000000 0.000000 1.000000
0.999788 0.018238 0.009588 0.000000 -0.016436 0.986540 -0.162692 10.083500 -0.012426 0.162500 0.986630 -1.000800 0.000000 0.000000 0.000000 1.000000
0.999511 0.023715 0.020376 0.000000 -0.019794 0.984414 -0.174748 10.083500 -0.024203 0.174259 0.984402 -1.000800 0.000000 0.000000 0.000000 1.000000
0.999229 0.027743 0.027786 0.000000 -0.022301 0.983430 -0.179914 10.083500 -0.032317 0.179156 0.983290 -1.000800 0.000000 0.000000 0.000000 1.000000
0.999013 0.031653 0.031149 0.000000 -0.025543 0.983333 -0.180010 10.083500 -0.036328 0.179037 0.983171 -1.000800 0.000000 0.000000 0.000000 1.000000
0.998834 0.034965 0.033281 -0.000000 -0.028519 0.983697 -0.177557 10.083500 -0.038947 0.176401 0.983548 -1.000800 0.000000 0.000000 0.000000 1.000000
0.998629 0.036614 0.037423 0.000000 -0.029582 0.984356 -0.173687 10.083500 -0.043197 0.172342 0.984090 -1.000800 0.000000 0.000000 0.000000 1.000000
0.998317 0.037203 0.044476 0.000000 -0.029232 0.985342 -0.168067 10.083500 -0.050077 0.166484 0.984772 -1.000800 0.000000 0.000000 0.000000 1.000000
0.997852 0.038739 0.052829 0.000000 -0.029846 0.986699 -0.159796 10.083500 -0.058317 0.157876 0.985735 -1.000800 0.000000 0.000000 0.000000 1.000000
0.997315 0.041722 0.060179 0.000000 -0.032408 0.988426 -0.148199 10.083500 -0.065665 0.145851 0.987125 -1.000800 0.000000 0.000000 0.000000 1.000000
0.996917 0.043692 0.065173 0.000000 -0.034654 0.990393 -0.133867 10.083500 -0.070396 0.131195 0.988854 -1.000800 0.000000 0.000000 0.000000 1.000000
0.996833 0.041944 0.067560 0.000000 -0.033617 0.992206 -0.119990 10.083500 -0.072066 0.117339 0.990474 -1.000800 0.000000 0.000000 0.000000 1.000000
0.997041 0.036919 0.067431 0.000000 -0.029231 0.993319 -0.111637 10.083500 -0.071102 0.109335 0.991459 -1.000800 0.000000 0.000000 0.000000 1.000000
0.997402 0.031200 0.064937 0.000000 -0.023818 0.993480 -0.111491 10.083500 -0.067992 0.109655 0.991642 -1.000800 0.000000 0.000000 0.000000 1.000000
0.997813 0.026033 0.060753 -0.000000 -0.018829 0.993040 -0.116265 10.083500 -0.063357 0.114867 0.991358 -1.000800 0.000000 0.000000 0.000000 1.000000
0.998207 0.020557 0.056208 -0.000000 -0.013745 0.992798 -0.119009 10.083500 -0.058250 0.118023 0.991301 -1.000800 0.000000 0.000000 0.000000 1.000000
0.998537 0.013456 0.052365 0.000000 -0.007349 0.993325 -0.115114 10.083500 -0.053564 0.114560 0.991971 -1.000800 0.000000 0.000000 0.000000 1.000000
0.998789 0.004564 0.048993 0.000000 0.000663 0.994350 -0.106151 10.083500 -0.049201 0.106055 0.993142 -1.000800 0.000000 0.000000 0.000000 1.000000
0.998981 -0.004410 0.044926 0.000000 0.008827 0.995089 -0.098594 10.083500 -0.044271 0.098890 0.994113 -1.000800 0.000000 0.000000 0.000000 1.000000
0.999162 -0.010662 0.039530 0.000000 0.014516 0.995028 -0.098532 10.083500 -0.038283 0.099023 0.994348 -1.000800 0.000000 0.000000 0.000000 1.000000
0.999360 -0.012421 0.033536 0.000000 0.015934 0.994171 -0.106631 10.083500 -0.032016 0.107097 0.993733 -1.000800 0.000000 0.000000 0.000000 1.000000
0.999539 -0.010346 0.028542 0.000000 0.013639 0.992954 -0.117712 10.083500 -0.027123 0.118047 0.992638 -1.000800 0.000000 0.000000 0.000000 1.000000
0.999637 -0.006411 0.026175 0.000000 0.009642 0.992080 -0.125235 10.083500 -0.025165 0.125442 0.991782 -1.000800 0.000000 0.000000 0.000000 1.000000
0.999615 -0.001851 0.027694 -0.000000 0.005338 0.991968 -0.126376 10.083500 -0.027238 0.126475 0.991596 -1.000800 0.000000 0.000000 0.000000 1.000000
0.999431 0.002954 0.033588 0.000000 0.001207 0.992382 -0.123194 10.083500 -0.033696 0.123165 0.991814 -1.000800 0.000000 0.000000 0.000000 1.000000
0.999051 0.007166 0.042958 -0.000000 -0.001975 0.992810 -0.119681 10.083500 -0.043507 0.119482 0.991883 -1.000800 0.000000 0.000000 0.000000 1.000000
0.998524 0.009450 0.053492 -0.000000 -0.003071 0.992998 -0.118089 10.083500 -0.054233 0.117750 0.991561 -1.000800 0.000000 0.000000 0.000000 1.000000
0.997997 0.009497 0.062540 0.000000 -0.002073 0.993045 -0.117715 10.083500 -0.063223 0.117349 0.991076 -1.000800 0.000000 0.000000 0.000000 1.000000
0.997620 0.008700 0.068395 0.000000 -0.000677 0.993196 -0.116451 10.083500 -0.068942 0.116128 0.990839 -1.000800 0.000000 0.000000 0.000000 1.000000
0.997467 0.008799 0.070589 0.000000 -0.000759 0.993580 -0.113128 10.083500 -0.071131 0.112787 0.991070 -1.000800 0.000000 0.000000 0.000000 1.000000
0.997535 0.010199 0.069421 0.000000 -0.002621 0.994104 -0.108397 10.083500 -0.070117 0.107947 0.991681 -1.000800 0.000000 0.000000 0.000000 1.000000
0.997770 0.011906 0.065679 0.000000 -0.005042 0.994597 -0.103693 10.083500 -0.066559 0.103131 0.992438 -1.000800 0.000000 0.000000 0.000000 1.000000
0.998070 0.012802 0.060758 -0.000000 -0.006690 0.994989 -0.099761 10.083500 -0.061731 0.099162 0.993155 -1.000800 0.000000 0.000000 0.000000 1.000000
0.998325 0.012580 0.056463 -0.000000 -0.007091 0.995319 -0.096386 10.083500 -0.057411 0.095824 0.993741 -1.000800 0.000000 0.000000 0.000000 1.000000
0.998465 0.011490 0.054184 0.000000 -0.006398 0.995623 -0.093237 10.083500 -0.055019 0.092747 0.994168 -1.000800 0.000000 0.000000 0.000000 1.000000
0.998491 0.009635 0.054064 0.000000 -0.004705 0.995877 -0.090589 10.083500 -0.054714 0.090198 0.994420 -1.000800 0.000000 0.000000 0.000000 1.000000
0.998467 0.006937 0.054913 -0.000000 -0.002007 0.996000 -0.089327 10.083500 -0.055313 0.089080 0.994487 -1.000800 0.000000 0.000000 0.000000 1.000000
0.998474 0.003882 0.055086 0.000000 0.001117 0.995901 -0.090446 10.083500 -0.055211 0.090369 0.994377 -1.000800 0.000000 0.000000 0.000000 1.000000
0.998557 0.001722 0.053675 0.000000 0.003350 0.995541 -0.094268 10.083500 -0.053598 0.094312 0.994099 -1.000800 0.000000 0.000000 0.000000 1.000000
0.998701 0.001146 0.050935 -0.000000 0.003959 0.994978 -0.100014 10.083500 -0.050794 0.100086 0.993681 -1.000800 0.000000 0.000000 0.000000 1.000000
0.998866 0.000983 0.047590 0.000000 0.004102 0.994290 -0.106633 10.083500 -0.047423 0.106707 0.993159 -1.000800 0.000000 0.000000 0.000000 1.000000
0.999011 -0.000564 0.044455 0.000000 0.005650 0.993421 -0.114379 10.083500 -0.044098 0.114517 0.992442 -1.000800 0.000000 0.000000 0.000000 1.000000</float_array><technique_common><accessor source="#mixamorig_Spine1-Matrix-animation-output-transform-array" count="56" stride="16"><param type="float4x4"/></accessor></technique_common></source><source id="mixamorig_Spine1-Interpolations"><Name_array id="mixamorig_Spine1-Interpolations-array" count="56">
 LINEAR LINEAR LINEAR LINEAR LINEAR LINEAR LINEAR LINEAR LINEAR LINEAR LINEAR
LINEAR LINEAR LINEAR LINEAR LINEAR LINEAR LINEAR LINEAR LINEAR LINEAR LINEAR LINEAR
LINEAR LINEAR LINEAR LINEAR LINEAR LINEAR LINEAR LINEAR LINEAR LINEAR LINEAR LINEAR
LINEAR LINEAR LINEAR LINEAR LINEAR LINEAR LINEAR LINEAR LINEAR LINEAR LINEAR LINEAR
LINEAR LINEAR LINEAR LINEAR LINEAR LINEAR LINEAR LINEAR LINEAR</Name_array><technique_common><accessor source="#mixamorig_Spine1-Interpolations-array" count="56"><param type="name"/></accessor></technique_common></source><sampler id="mixamorig_Spine1-Matrix-animation-transform"><input semantic="INPUT" source="#mixamorig_Spine1-Matrix-animation-input"/><input semantic="OUTPUT" source="#mixamorig_Spine1-Matrix-animation-output-transform"/><input semantic="INTERPOLATION" source="#mixamorig_Spine1-Interpolations"/></sampler><channel source="#mixamorig_Spine1-Matrix-animation-transform" target="mixamorig_Spine1/matrix"/></animation>
    <animation id="mixamorig_Spine2-anim" name="mixamorig_Spine2"><source id="mixamorig_Spine2-Matrix-animation-input"><float_array id="mixamorig_Spine2-Matrix-animation-input-array" count="56">

0.000000 0.033333 0.066667 0.100000 0.133333 0.166667 0.200000 0.233333 0.266667 0.300000 0.333333 0.366667 0.400000 0.433333 0.466667 0.500000
0.533333 0.566667 0.600000 0.633333 0.666667 0.700000 0.733333 0.766667 0.800000 0.833333 0.866667 0.900000 0.933333 0.966667 1.000000 1.033333
1.066667 1.100000 1.133333 1.166667 1.200000 1.233333 1.266667 1.300000 1.333333 1.366667 1.400000 1.433333 1.466667 1.500000 1.533333 1.566667
1.600000 1.633333 1.666667 1.700000 1.733333 1.766667 1.800000 1.833333</float_array><technique_common><accessor source="#mixamorig_Spine2-Matrix-animation-input-array" count="56"><param name="TIME" type="float"/></accessor></technique_common></source><source id="mixamorig_Spine2-Matrix-animation-output-transform"><float_array id="mixamorig_Spine2-Matrix-animation-output-transform-array" count="896">

0.998939 -0.001253 0.046039 -0.000000 0.006490 0.993486 -0.113772 9.100000 -0.045596 0.113950 0.992440 -1.373400 0.000000 0.000000 0.000000 1.000000
0.998980 -0.003955 0.044979 0.000000 0.009518 0.992218 -0.124148 9.100000 -0.044138 0.124450 0.991244 -1.373400 0.000000 0.000000 0.000000 1.000000
0.998787 -0.004592 0.049027 0.000000 0.011256 0.990573 -0.136523 9.100000 -0.047938 0.136909 0.989423 -1.373400 0.000000 0.000000 0.000000 1.000000
0.998240 0.000205 0.059295 0.000000 0.008465 0.989257 -0.145944 9.100000 -0.058688 0.146189 0.987514 -1.373400 0.000000 0.000000 0.000000 1.000000
0.997329 0.010116 0.072337 0.000000 0.000587 0.989221 -0.146432 9.100000 -0.073038 0.146083 0.986572 -1.373400 0.000000 0.000000 0.000000 1.000000
0.996422 0.020834 0.081908 0.000000 -0.009459 0.990543 -0.136877 9.100000 -0.083985 0.135612 0.987196 -1.373400 0.000000 0.000000 0.000000 1.000000
0.996054 0.028280 0.084118 -0.000000 -0.017911 0.992422 -0.121564 9.100000 -0.086919 0.119578 0.989013 -1.373400 0.000000 0.000000 0.000000 1.000000
0.996635 0.030238 0.076182 0.000000 -0.021920 0.993938 -0.107737 9.100000 -0.078978 0.105705 0.991256 -1.373400 0.000000 0.000000 0.000000 1.000000
0.997755 0.026972 0.061304 -0.000000 -0.020701 0.994699 -0.100723 9.100000 -0.063696 0.099228 0.993024 -1.373400 0.000000 0.000000 0.000000 1.000000
0.998862 0.019018 0.043731 0.000000 -0.014596 0.994951 -0.099296 9.100000 -0.045398 0.098545 0.994097 -1.373400 0.000000 0.000000 0.000000 1.000000
0.999618 0.008202 0.026394 0.000000 -0.005501 0.994890 -0.100817 9.100000 -0.027086 0.100633 0.994555 -1.373400 0.000000 0.000000 0.000000 1.000000
0.999940 -0.001007 0.010874 -0.000000 0.002140 0.994506 -0.104662 9.100000 -0.010708 0.104679 0.994448 -1.373400 0.000000 0.000000 0.000000 1.000000
0.999993 -0.003686 -0.000859 -0.000000 0.003566 0.993611 -0.112807 9.100000 0.001269 0.112803 0.993617 -1.373400 0.000000 0.000000 0.000000 1.000000
0.999982 0.001220 -0.005953 -0.000000 -0.001965 0.991916 -0.126879 9.100000 0.005750 0.126889 0.991900 -1.373400 0.000000 0.000000 0.000000 1.000000
0.999947 0.009915 -0.002772 0.000000 -0.010212 0.989351 -0.145187 9.100000 0.001303 0.145208 0.989400 -1.373400 0.000000 0.000000 0.000000 1.000000
0.999822 0.017618 0.006751 0.000000 -0.016284 0.986514 -0.162863 9.100000 -0.009529 0.162724 0.986626 -1.373400 0.000000 0.000000 0.000000 1.000000
0.999589 0.022638 0.017616 0.000000 -0.019208 0.984361 -0.175111 9.100000 -0.021305 0.174701 0.984391 -1.373400 0.000000 0.000000 0.000000 1.000000
0.999333 0.026360 0.025291 0.000000 -0.021373 0.983361 -0.180401 9.100000 -0.029626 0.179740 0.983268 -1.373400 0.000000 0.000000 0.000000 1.000000
0.999125 0.030151 0.029000 0.000000 -0.024432 0.983265 -0.180538 9.100000 -0.033958 0.179671 0.983140 -1.373400 0.000000 0.000000 0.000000 1.000000
0.998940 0.033439 0.031625 0.000000 -0.027290 0.983640 -0.178065 9.100000 -0.037062 0.177013 0.983510 -1.373400 0.000000 0.000000 0.000000 1.000000
0.998717 0.035057 0.036538 0.000000 -0.028182 0.984323 -0.174110 9.100000 -0.042069 0.172857 0.984048 -1.373400 0.000000 0.000000 0.000000 1.000000
0.998371 0.035588 0.044607 0.000000 -0.027603 0.985347 -0.168316 9.100000 -0.049943 0.166810 0.984723 -1.373400 0.000000 0.000000 0.000000 1.000000
0.997855 0.037095 0.053944 0.000000 -0.028043 0.986751 -0.159802 9.100000 -0.059157 0.157946 0.985674 -1.373400 0.000000 0.000000 0.000000 1.000000
0.997269 0.040175 0.061969 0.000000 -0.030630 0.988524 -0.147929 9.100000 -0.067201 0.145627 0.987055 -1.373400 0.000000 0.000000 0.000000 1.000000
0.996831 0.042419 0.067294 0.000000 -0.033152 0.990522 -0.133295 9.100000 -0.072310 0.130641 0.988789 -1.373400 0.000000 0.000000 0.000000 1.000000
0.996714 0.041039 0.069829 0.000000 -0.032515 0.992349 -0.119106 9.100000 -0.074183 0.116445 0.990423 -1.373400 0.000000 0.000000 0.000000 1.000000
0.996904 0.036268 0.069771 0.000000 -0.028406 0.993465 -0.110545 9.100000 -0.073324 0.108221 0.991419 -1.373400 0.000000 0.000000 0.000000 1.000000
0.997270 0.030553 0.067231 -0.000000 -0.022998 0.993620 -0.110412 9.100000 -0.070175 0.108565 0.991609 -1.373400 0.000000 0.000000 0.000000 1.000000
0.997705 0.025235 0.062826 0.000000 -0.017854 0.993160 -0.115388 9.100000 -0.065308 0.114002 0.991332 -1.373400 0.000000 0.000000 0.000000 1.000000
0.998128 0.019646 0.057918 0.000000 -0.012675 0.992889 -0.118366 9.100000 -0.059832 0.117410 0.991280 -1.373400 0.000000 0.000000 0.000000 1.000000
0.998478 0.012563 0.053705 0.000000 -0.006335 0.993391 -0.114608 9.100000 -0.054790 0.114093 0.991958 -1.373400 0.000000 0.000000 0.000000 1.000000
0.998737 0.003776 0.050097 0.000000 0.001541 0.994400 -0.105670 9.100000 -0.050216 0.105613 0.993139 -1.373400 0.000000 0.000000 0.000000 1.000000
0.998931 -0.005091 0.045941 -0.000000 0.009583 0.995130 -0.098101 9.100000 -0.045218 0.098436 0.994116 -1.373400 0.000000 0.000000 0.000000 1.000000
0.999117 -0.011276 0.040476 -0.000000 0.015204 0.995063 -0.098078 9.100000 -0.039171 0.098607 0.994355 -1.373400 0.000000 0.000000 0.000000 1.000000
0.999327 -0.013006 0.034310 0.000000 0.016588 0.994197 -0.106288 9.100000 -0.032728 0.106785 0.993743 -1.373400 0.000000 0.000000 0.000000 1.000000
0.999518 -0.010919 0.029057 0.000000 0.014263 0.992972 -0.117490 9.100000 -0.027570 0.117848 0.992649 -1.373400 0.000000 0.000000 0.000000 1.000000
0.999625 -0.006988 0.026478 0.000000 0.010248 0.992093 -0.125087 9.100000 -0.025394 0.125311 0.991792 -1.373400 0.000000 0.000000 0.000000 1.000000
0.999607 -0.002472 0.027924 0.000000 0.005980 0.991980 -0.126253 9.100000 -0.027388 0.126370 0.991605 -1.373400 0.000000 0.000000 0.000000 1.000000
0.999423 0.002229 0.033902 0.000000 0.001961 0.992397 -0.123063 9.100000 -0.033919 0.123059 0.991820 -1.373400 0.000000 0.000000 0.000000 1.000000
0.999032 0.006292 0.043534 0.000000 -0.001047 0.992836 -0.119476 9.100000 -0.043974 0.119315 0.991882 -1.373400 0.000000 0.000000 0.000000 1.000000
0.998476 0.008434 0.054543 0.000000 -0.001960 0.993050 -0.117678 9.100000 -0.055157 0.117391 0.991553 -1.373400 0.000000 0.000000 0.000000 1.000000
0.997899 0.008412 0.064233 0.000000 -0.000844 0.993137 -0.116953 9.100000 -0.064776 0.116653 0.991058 -1.373400 0.000000 0.000000 0.000000 1.000000
0.997467 0.007659 0.070710 0.000000 0.000547 0.993330 -0.115307 9.100000 -0.071122 0.115053 0.990810 -1.373400 0.000000 0.000000 0.000000 1.000000
0.997279 0.007905 0.073300 -0.000000 0.000335 0.993739 -0.111726 9.100000 -0.073724 0.111447 0.991032 -1.373400 0.000000 0.000000 0.000000 1.000000
0.997343 0.009498 0.072222 0.000000 -0.001724 0.994263 -0.106948 9.100000 -0.072823 0.106539 0.991638 -1.373400 0.000000 0.000000 0.000000 1.000000
