<?xml version="1.0" encoding="utf-8"?>
<COLLADA xmlns="http://www.collada.org/2005/11/COLLADASchema" version="1.4.1">
  <asset><contributor><author>Mixamo</author><authoring_tool>COLLADA Mixamo exporter</authoring_tool><comments></comments></contributor><created>2019-01-22T21:45:45Z</created><modified>2019-01-22T21:45:45Z</modified><revision></revision><title></title><unit meter="0.010000"/><up_axis>Y_UP</up_axis></asset>
  <library_animations>
    <animation id="mixamorig_Hips-anim" name="mixamorig_Hips"><source id="mixamorig_Hips-Matrix-animation-input"><float_array id="mixamorig_Hips-Matrix-animation-input-array" count="25">

0.000000 0.033333 0.066667 0.100000 0.133333 0.166667 0.200000 0.233333 0.266667 0.300000 0.333333 0.366667 0.400000 0.433333 0.466667 0.500000
0.533333 0.566667 0.600000 0.633333 0.666667 0.700000 0.733333 0.766667 0.800000</float_array><technique_common><accessor source="#mixamorig_Hips-Matrix-animation-input-array" count="25"><param name="TIME" type="float"/></accessor></technique_common></source><source id="mixamorig_Hips-Matrix-animation-output-transform"><float_array id="mixamorig_Hips-Matrix-animation-output-transform-array" count="400">

0.786557 0.034900 -0.616531 6.827477 -0.118679 0.988333 -0.095461 97.063553 0.606006 0.148255 0.781522 0.804396 0.000000 0.000000 0.000000 1.000000
0.775186 0.032848 -0.630879 7.623196 -0.133427 0.984632 -0.112680 97.064857 0.617482 0.171524 0.767655 1.031763 0.000000 0.000000 0.000000 1.000000
0.769777 0.034671 -0.637370 8.233785 -0.143270 0.982431 -0.119591 97.334671 0.622026 0.183375 0.761221 1.438638 0.000000 0.000000 0.000000 1.000000
0.772080 0.037890 -0.634394 8.683292 -0.147786 0.981561 -0.121235 97.778816 0.618103 0.187357 0.763443 2.087091 0.000000 0.000000 0.000000 1.000000
0.779264 0.038923 -0.625486 8.963549 -0.147157 0.981529 -0.122257 98.223480 0.609174 0.187315 0.770597 2.878011 0.000000 0.000000 0.000000 1.000000
0.789985 0.037316 -0.611990 9.052661 -0.140884 0.982486 -0.121954 98.401047 0.596721 0.182562 0.781406 3.680994 0.000000 0.000000 0.000000 1.000000
0.803862 0.035699 -0.593743 8.977284 -0.129705 0.984697 -0.116401 98.108093 0.580501 0.170581 0.796191 4.444261 0.000000 0.000000 0.000000 1.000000
0.818619 0.036533 -0.573174 8.772625 -0.115663 0.988015 -0.102219 97.256279 0.562570 0.149974 0.813033 5.151081 0.000000 0.000000 0.000000 1.000000
0.830223 0.040143 -0.555984 8.444310 -0.100111 0.991924 -0.077872 95.906509 0.548368 0.120311 0.827537 5.784138 0.000000 0.000000 0.000000 1.000000
0.836330 0.043813 -0.546473 7.979108 -0.081658 0.995637 -0.045146 94.184883 0.542111 0.082381 0.836259 6.259511 0.000000 0.000000 0.000000 1.000000
0.837291 0.043062 -0.545059 7.342851 -0.058467 0.998229 -0.010950 92.294525 0.543622 0.041036 0.838326 6.368665 0.000000 0.000000 0.000000 1.000000
0.835037 0.035634 -0.549039 6.564972 -0.032944 0.999348 0.014755 90.591057 0.549207 0.005766 0.835666 5.925515 0.000000 0.000000 0.000000 1.000000
0.833221 0.025365 -0.552357 5.783136 -0.012902 0.999567 0.026439 89.508102 0.552789 -0.014903 0.833188 5.000389 0.000000 0.000000 0.000000 1.000000
0.835916 0.018603 -0.548542 5.133383 -0.004358 0.999619 0.027260 89.166481 0.548840 -0.020396 0.835678 3.726182 0.000000 0.000000 0.000000 1.000000
0.844988 0.017206 -0.534508 4.724669 -0.005335 0.999704 0.023746 89.490585 0.534758 -0.017214 0.844830 2.343343 0.000000 0.000000 0.000000 1.000000
0.858980 0.016505 -0.511743 4.504703 -0.007551 0.999780 0.019572 90.321190 0.511953 -0.012947 0.858916 1.162941 0.000000 0.000000 0.000000 1.000000
0.872735 0.011377 -0.488062 4.401693 -0.004667 0.999877 0.014963 91.440842 0.488173 -0.010781 0.872681 0.462250 0.000000 0.000000 0.000000 1.000000
0.882561 0.003383 -0.470185 4.333146 0.001596 0.999947 0.010190 93.029190 0.470195 -0.009744 0.882509 -0.122243 0.000000 0.000000 0.000000 1.000000
0.886070 0.000445 -0.463552 4.412777 0.001993 0.999987 0.004770 94.737099 0.463548 -0.005150 0.886057 -0.573358 0.000000 0.000000 0.000000 1.000000
0.880803 0.004767 -0.473459 4.691658 -0.007593 0.999963 -0.004057 96.079926 0.473423 0.007168 0.880806 -0.694896 0.000000 0.000000 0.000000 1.000000
0.865184 0.014709 -0.501239 5.051970 -0.027088 0.999481 -0.017426 96.912659 0.500723 0.028654 0.865133 -0.534644 0.000000 0.000000 0.000000 1.000000
0.841606 0.027829 -0.539374 5.410852 -0.054565 0.997943 -0.033651 97.262527 0.537328 0.057752 0.841394 -0.146402 0.000000 0.000000 0.000000 1.000000
0.816747 0.038663 -0.575699 5.803741 -0.083595 0.995155 -0.051763 97.281982 0.570908 0.090403 0.816022 0.348909 0.000000 0.000000 0.000000 1.000000
0.798871 0.041537 -0.600067 6.303099 -0.105776 0.991768 -0.072169 97.128784 0.592129 0.121126 0.796688 0.729895 0.000000 0.000000 0.000000 1.000000
0.785748 0.037719 -0.617395 6.813444 -0.120687 0.988304 -0.093218 97.036858 0.606658 0.147757 0.781111 0.806041 0.000000 0.000000 0.000000 1.000000</float_array><technique_common><accessor source="#mixamorig_Hips-Matrix-animation-output-transform-array" count="25" stride="16"><param type="float4x4"/></accessor></technique_common></source><source id="mixamorig_Hips-Interpolations"><Name_array id="mixamorig_Hips-Interpolations-array" count="25">
 LINEAR LINEAR LINEAR LINEAR LINEAR LINEAR LINEAR LINEAR LINEAR LINEAR LINEAR
LINEAR LINEAR LINEAR LINEAR LINEAR LINEAR LINEAR LINEAR LINEAR LINEAR LINEAR LINEAR
LINEAR LINEAR</Name_array><technique_common><accessor source="#mixamorig_Hips-Interpolations-array" count="25"><param type="name"/></accessor></technique_common></source><sampler id="mixamorig_Hips-Matrix-animation-transform"><input semantic="INPUT" source="#mixamorig_Hips-Matrix-animation-input"/><input semantic="OUTPUT" source="#mixamorig_Hips-Matrix-animation-output-transform"/><input semantic="INTERPOLATION" source="#mixamorig_Hips-Interpolations"/></sampler><channel source="#mixamorig_Hips-Matrix-animation-transform" target="mixamorig_Hips/matrix"/></animation>
    <animation id="mixamorig_Spine-anim" name="mixamorig_Spine"><source id="mixamorig_Spine-Matrix-animation-input"><float_array id="mixamorig_Spine-Matrix-animation-input-array" count="25">

0.000000 0.033333 0.066667 0.100000 0.133333 0.166667 0.200000 0.233333 0.266667 0.300000 0.333333 0.366667 0.400000 0.433333 0.466667 0.500000
0.533333 0.566667 0.600000 0.633333 0.666667 0.700000 0.733333 0.766667 0.800000</float_array><technique_common><accessor source="#mixamorig_Spine-Matrix-animation-input-array" count="25"><param name="TIME" type="float"/></accessor></technique_common></source><source id="mixamorig_Spine-Matrix-animation-output-transform"><float_array id="mixamorig_Spine-Matrix-animation-output-transform-array" count="400">

0.998740 0.007048 0.049694 -0.000000 0.003033 0.979808 -0.199919 10.181600 -0.050099 0.199817 0.978552 0.131500 0.000000 0.000000 0.000000 1.000000
0.998676 0.034883 0.037805 0.000000 -0.026418 0.978417 -0.204943 10.181600 -0.044138 0.203673 0.978043 0.131500 0.000000 0.000000 0.000000 1.000000
0.998276 0.047935 0.033865 0.000000 -0.039695 0.976457 -0.212027 10.181600 -0.043231 0.210318 0.976677 0.131500 0.000000 0.000000 0.000000 1.000000
0.998365 0.044586 0.035776 0.000000 -0.035808 0.975605 -0.216594 10.181600 -0.044560 0.214959 0.975606 0.131500 0.000000 0.000000 0.000000 1.000000
0.998478 0.034669 0.042884 0.000000 -0.024620 0.976107 -0.215892 10.181600 -0.049344 0.214508 0.975475 0.131500 0.000000 0.000000 0.000000 1.000000
0.998176 0.025220 0.054844 0.000000 -0.013173 0.977650 -0.209826 10.181600 -0.058911 0.208721 0.976199 0.131500 0.000000 0.000000 0.000000 1.000000
0.997523 0.016989 0.068260 0.000000 -0.002852 0.979365 -0.202079 10.181600 -0.070284 0.201384 0.976987 0.131500 0.000000 0.000000 0.000000 1.000000
0.996706 0.010329 0.080436 -0.000000 0.005806 0.980221 -0.197822 10.181600 -0.080888 0.197637 0.976932 0.131500 0.000000 0.000000 0.000000 1.000000
0.995681 0.007815 0.092510 0.000000 0.010983 0.979539 -0.200954 10.181600 -0.092187 0.201102 0.975223 0.131500 0.000000 0.000000 0.000000 1.000000
0.994303 0.013691 0.105706 -0.000000 0.008996 0.977398 -0.211217 10.181600 -0.106209 0.210965 0.971706 0.131500 0.000000 0.000000 0.000000 1.000000
0.992434 0.030471 0.118935 -0.000000 -0.003116 0.974652 -0.223707 10.181600 -0.122736 0.221644 0.967373 0.131500 0.000000 0.000000 0.000000 1.000000
0.989999 0.050239 0.131825 0.000000 -0.018666 0.972874 -0.230580 10.181600 -0.139833 0.225813 0.964082 0.131500 0.000000 0.000000 0.000000 1.000000
0.987974 0.054779 0.144594 0.000000 -0.020938 0.973924 -0.225908 10.181600 -0.153199 0.220163 0.963358 0.131500 0.000000 0.000000 0.000000 1.000000
0.987388 0.032302 0.154987 0.000000 0.001297 0.977281 -0.211943 10.181600 -0.158312 0.209471 0.964914 0.131500 0.000000 0.000000 0.000000 1.000000
0.987475 -0.011808 0.157333 0.000000 0.042660 0.980034 -0.194198 10.181600 -0.151898 0.198477 0.968263 0.131500 0.000000 0.000000 0.000000 1.000000
0.987522 -0.055147 0.147512 0.000000 0.081298 0.980737 -0.177608 10.181600 -0.134876 0.187384 0.972983 0.131500 0.000000 0.000000 0.000000 1.000000
0.988885 -0.073598 0.129191 0.000000 0.094611 0.981762 -0.164900 10.181600 -0.114698 0.175290 0.977813 0.131500 0.000000 0.000000 0.000000 1.000000
0.991972 -0.062670 0.109835 0.000000 0.081000 0.981882 -0.171308 10.181600 -0.097110 0.178829 0.979076 0.131500 0.000000 0.000000 0.000000 1.000000
0.994542 -0.044170 0.094529 0.000000 0.062022 0.978804 -0.195184 10.181600 -0.083904 0.199981 0.976201 0.131500 0.000000 0.000000 0.000000 1.000000
0.995748 -0.032490 0.086195 -0.000000 0.050498 0.975131 -0.215800 10.181600 -0.077040 0.219236 0.972626 0.131500 0.000000 0.000000 0.000000 1.000000
0.996033 -0.026638 0.084902 0.000000 0.045218 0.973283 -0.225114 10.181600 -0.076637 0.228060 0.970626 0.131500 0.000000 0.000000 0.000000 1.000000
0.996040 -0.026334 0.084914 -0.000000 0.044659 0.974077 -0.221763 10.181600 -0.076873 0.224677 0.971396 0.131500 0.000000 0.000000 0.000000 1.000000
0.996486 -0.027342 0.079166 0.000000 0.043604 0.976376 -0.211633 10.181600 -0.071509 0.214342 0.974138 0.131500 0.000000 0.000000 0.000000 1.000000
0.997653 -0.017731 0.066132 -0.000000 0.030898 0.978533 -0.203763 10.181600 -0.061099 0.205328 0.976784 0.131500 0.000000 0.000000 0.000000 1.000000
0.998626 0.008290 0.051735 0.000000 0.002404 0.979115 -0.203292 10.181600 -0.052340 0.203137 0.977750 0.131500 0.000000 0.000000 0.000000 1.000000</float_array><technique_common><accessor source="#mixamorig_Spine-Matrix-animation-output-transform-array" count="25" stride="16"><param type="float4x4"/></accessor></technique_common></source><source id="mixamorig_Spine-Interpolations"><Name_array id="mixamorig_Spine-Interpolations-array" count="25">
 LINEAR LINEAR LINEAR LINEAR LINEAR LINEAR LINEAR LINEAR LINEAR LINEAR LINEAR
LINEAR LINEAR LINEAR LINEAR LINEAR LINEAR LINEAR LINEAR LINEAR LINEAR LINEAR LINEAR
LINEAR LINEAR</Name_array><technique_common><accessor source="#mixamorig_Spine-Interpolations-array" count="25"><param type="name"/></accessor></technique_common></source><sampler id="mixamorig_Spine-Matrix-animation-transform"><input semantic="INPUT" source="#mixamorig_Spine-Matrix-animation-input"/><input semantic="OUTPUT" source="#mixamorig_Spine-Matrix-animation-output-transform"/><input semantic="INTERPOLATION" source="#mixamorig_Spine-Interpolations"/></sampler><channel source="#mixamorig_Spine-Matrix-animation-transform" target="mixamorig_Spine/matrix"/></animation>
    <animation id="mixamorig_Spine1-anim" name="mixamorig_Spine1"><source id="mixamorig_Spine1-Matrix-animation-input"><float_array id="mixamorig_Spine1-Matrix-animation-input-array" count="25">

0.000000 0.033333 0.066667 0.100000 0.133333 0.166667 0.200000 0.233333 0.266667 0.300000 0.333333 0.366667 0.400000 0.433333 0.466667 0.500000
0.533333 0.566667 0.600000 0.633333 0.666667 0.700000 0.733333 0.766667 0.800000</float_array><technique_common><accessor source="#mixamorig_Spine1-Matrix-animation-input-array" count="25"><param name="TIME" type="float"/></accessor></technique_common></source><source id="mixamorig_Spine1-Matrix-animation-output-transform"><float_array id="mixamorig_Spine1-Matrix-animation-output-transform-array" count="400">

0.999645 -0.026005 0.005796 0.000000 0.026114 0.999468 -0.019540 10.083500 -0.005285 0.019684 0.999792 -1.000800 0.000000 0.000000 0.000000 1.000000
0.999450 -0.032883 0.004214 0.000000 0.032970 0.999204 -0.022478 10.083500 -0.003471 0.022605 0.999738 -1.000800 0.000000 0.000000 0.000000 1.000000
0.999438 -0.033309 0.003774 -0.000000 0.033399 0.999080 -0.026885 10.083500 -0.002875 0.026996 0.999631 -1.000800 0.000000 0.000000 0.000000 1.000000
0.999567 -0.029140 0.004109 0.000000 0.029248 0.999136 -0.029535 10.083500 -0.003245 0.029643 0.999555 -1.000800 0.000000 0.000000 0.000000 1.000000
0.999688 -0.024460 0.005114 -0.000000 0.024602 0.999251 -0.029866 10.083500 -0.004380 0.029983 0.999541 -1.000800 0.000000 0.000000 0.000000 1.000000
0.999750 -0.021324 0.006765 -0.000000 0.021515 0.999328 -0.029676 10.083500 -0.006128 0.029814 0.999537 -1.000800 0.000000 0.000000 0.000000 1.000000
0.999775 -0.019413 0.008593 0.000000 0.019657 0.999377 -0.029306 10.083500 -0.008019 0.029468 0.999534 -1.000800 0.000000 0.000000 0.000000 1.000000
0.999783 -0.018182 0.010209 0.000000 0.018454 0.999459 -0.027230 10.083500 -0.009708 0.027412 0.999577 -1.000800 0.000000 0.000000 0.000000 1.000000
0.999775 -0.017663 0.011776 0.000000 0.017925 0.999585 -0.022544 10.083500 -0.011373 0.022750 0.999676 -1.000800 0.000000 0.000000 0.000000 1.000000
0.999745 -0.018091 0.013530 0.000000 0.018312 0.999698 -0.016383 10.083500 -0.013229 0.016627 0.999774 -1.000800 0.000000 0.000000 0.000000 1.000000
0.999690 -0.019528 0.015442 0.000000 0.019697 0.999747 -0.010853 10.083500 -0.015226 0.011154 0.999822 -1.000800 0.000000 0.000000 0.000000 1.000000
0.999647 -0.020061 0.017427 0.000000 0.020205 0.999763 -0.008150 10.083500 -0.017260 0.008499 0.999815 -1.000800 0.000000 0.000000 0.000000 1.000000
0.999684 -0.016020 0.019354 0.000000 0.016225 0.999813 -0.010501 10.083500 -0.019182 0.010811 0.999758 -1.000800 0.000000 0.000000 0.000000 1.000000
0.999767 -0.005707 0.020818 0.000000 0.006091 0.999811 -0.018460 10.083500 -0.020709 0.018582 0.999613 -1.000800 0.000000 0.000000 0.000000 1.000000
0.999740 0.008488 0.021160 0.000000 -0.007842 0.999506 -0.030426 10.083500 -0.021407 0.030252 0.999313 -1.000800 0.000000 0.000000 0.000000 1.000000
0.999593 0.020392 0.019939 0.000000 -0.019518 0.998882 -0.043052 10.083500 -0.020795 0.042646 0.998874 -1.000800 0.000000 0.000000 0.000000 1.000000
0.999552 0.024268 0.017524 0.000000 -0.023310 0.998326 -0.052941 10.083500 -0.018779 0.052509 0.998444 -1.000800 0.000000 0.000000 0.000000 1.000000
0.999679 0.020481 0.014895 -0.000000 -0.019676 0.998436 -0.052327 10.083500 -0.015943 0.052017 0.998519 -1.000800 0.000000 0.000000 0.000000 1.000000
0.999825 0.013740 0.012732 -0.000000 -0.013193 0.999028 -0.042070 10.083500 -0.013298 0.041895 0.999034 -1.000800 0.000000 0.000000 0.000000 1.000000
0.999913 0.006588 0.011413 -0.000000 -0.006227 0.999488 -0.031394 10.083500 -0.011614 0.031321 0.999442 -1.000800 0.000000 0.000000 0.000000 1.000000
0.999940 -0.000726 0.010962 -0.000000 0.000986 0.999719 -0.023670 10.083500 -0.010941 0.023680 0.999660 -1.000800 0.000000 0.000000 0.000000 1.000000
0.999920 -0.006725 0.010747 -0.000000 0.006940 0.999775 -0.020054 10.083500 -0.010610 0.020127 0.999741 -1.000800 0.000000 0.000000 0.000000 1.000000
0.999886 -0.011402 0.009873 0.000000 0.011588 0.999751 -0.019059 10.083500 -0.009653 0.019171 0.999770 -1.000800 0.000000 0.000000 0.000000 1.000000
0.999814 -0.017519 0.008056 -0.000000 0.017671 0.999660 -0.019165 10.083500 -0.007717 0.019304 0.999784 -1.000800 0.000000 0.000000 0.000000 1.000000
0.999652 -0.025654 0.006097 -0.000000 0.025775 0.999457 -0.020515 10.083500 -0.005568 0.020666 0.999771 -1.000800 0.000000 0.000000 0.000000 1.000000</float_array><technique_common><accessor source="#mixamorig_Spine1-Matrix-animation-output-transform-array" count="25" stride="16"><param type="float4x4"/></accessor></technique_common></source><source id="mixamorig_Spine1-Interpolations"><Name_array id="mixamorig_Spine1-Interpolations-array" count="25">
 LINEAR LINEAR LINEAR LINEAR LINEAR LINEAR LINEAR LINEAR LINEAR LINEAR LINEAR
LINEAR LINEAR LINEAR LINEAR LINEAR LINEAR LINEAR LINEAR LINEAR LINEAR LINEAR LINEAR
LINEAR LINEAR</Name_array><technique_common><accessor source="#mixamorig_Spine1-Interpolations-array" count="25"><param type="name"/></accessor></technique_common></source><sampler id="mixamorig_Spine1-Matrix-animation-transform"><input semantic="INPUT" source="#mixamorig_Spine1-Matrix-animation-input"/><input semantic="OUTPUT" source="#mixamorig_Spine1-Matrix-animation-output-transform"/><input semantic="INTERPOLATION" source="#mixamorig_Spine1-Interpolations"/></sampler><channel source="#mixamorig_Spine1-Matrix-animation-transform" target="mixamorig_Spine1/matrix"/></animation>
    <animation id="mixamorig_Spine2-anim" name="mixamorig_Spine2"><source id="mixamorig_Spine2-Matrix-animation-input"><float_array id="mixamorig_Spine2-Matrix-animation-input-array" count="25">

0.000000 0.033333 0.066667 0.100000 0.133333 0.166667 0.200000 0.233333 0.266667 0.300000 0.333333 0.366667 0.400000 0.433333 0.466667 0.500000
0.533333 0.566667 0.600000 0.633333 0.666667 0.700000 0.733333 0.766667 0.800000</float_array><technique_common><accessor source="#mixamorig_Spine2-Matrix-animation-input-array" count="25"><param name="TIME" type="float"/></accessor></technique_common></source><source id="mixamorig_Spine2-Matrix-animation-output-transform"><float_array id="mixamorig_Spine2-Matrix-animation-output-transform-array" count="400">

0.999643 -0.025931 0.006369 -0.000000 0.026050 0.999473 -0.019393 9.100000 -0.005863 0.019552 0.999792 -1.373400 0.000000 0.000000 0.000000 1.000000
0.999448 -0.032822 0.005042 0.000000 0.032927 0.999208 -0.022332 9.100000 -0.004305 0.022486 0.999738 -1.373400 0.000000 0.000000 0.000000 1.000000
0.999436 -0.033263 0.004704 0.000000 0.033378 0.999085 -0.026753 9.100000 -0.003810 0.026895 0.999631 -1.373400 0.000000 0.000000 0.000000 1.000000
0.999564 -0.029103 0.004960 0.000000 0.029237 0.999140 -0.029416 9.100000 -0.004100 0.029548 0.999555 -1.373400 0.000000 0.000000 0.000000 1.000000
0.999685 -0.024426 0.005814 -0.000000 0.024589 0.999255 -0.029750 9.100000 -0.005083 0.029883 0.999540 -1.373400 0.000000 0.000000 0.000000 1.000000
0.999746 -0.021296 0.007338 -0.000000 0.021504 0.999332 -0.029551 9.100000 -0.006704 0.029701 0.999536 -1.373400 0.000000 0.000000 0.000000 1.000000
0.999771 -0.019397 0.009072 -0.000000 0.019654 0.999381 -0.029168 9.100000 -0.008501 0.029339 0.999533 -1.373400 0.000000 0.000000 0.000000 1.000000
0.999779 -0.018158 0.010619 0.000000 0.018440 0.999463 -0.027076 9.100000 -0.010122 0.027266 0.999577 -1.373400 0.000000 0.000000 0.000000 1.000000
0.999772 -0.017584 0.012153 0.000000 0.017853 0.999590 -0.022364 9.100000 -0.011755 0.022575 0.999676 -1.373400 0.000000 0.000000 0.000000 1.000000
0.999743 -0.017908 0.013917 0.000000 0.018132 0.999705 -0.016155 9.100000 -0.013623 0.016404 0.999773 -1.373400 0.000000 0.000000 0.000000 1.000000
0.999689 -0.019219 0.015875 0.000000 0.019388 0.999756 -0.010551 9.100000 -0.015669 0.010856 0.999818 -1.373400 0.000000 0.000000 0.000000 1.000000
0.999647 -0.019665 0.017884 0.000000 0.019807 0.999774 -0.007782 9.100000 -0.017727 0.008134 0.999810 -1.373400 0.000000 0.000000 0.000000 1.000000
0.999683 -0.015650 0.019725 -0.000000 0.015853 0.999823 -0.010165 9.100000 -0.019562 0.010475 0.999754 -1.373400 0.000000 0.000000 0.000000 1.000000
0.999766 -0.005496 0.020932 -0.000000 0.005880 0.999815 -0.018318 9.100000 -0.020828 0.018437 0.999613 -1.373400 0.000000 0.000000 0.000000 1.000000
0.999747 0.008454 0.020852 0.000000 -0.007814 0.999501 -0.030596 9.100000 -0.021100 0.030425 0.999314 -1.373400 0.000000 0.000000 0.000000 1.000000
0.999613 0.020122 0.019202 -0.000000 -0.019272 0.998869 -0.043468 9.100000 -0.020055 0.043081 0.998870 -1.373400 0.000000 0.000000 0.000000 1.000000
0.999577 0.023864 0.016604 0.000000 -0.022947 0.998310 -0.053385 9.100000 -0.017850 0.052981 0.998436 -1.373400 0.000000 0.000000 0.000000 1.000000
0.999698 0.020157 0.014075 0.000000 -0.019390 0.998425 -0.052642 9.100000 -0.015114 0.052353 0.998514 -1.373400 0.000000 0.000000 0.000000 1.000000
0.999834 0.013610 0.012114 -0.000000 -0.013087 0.999022 -0.042242 9.100000 -0.012677 0.042077 0.999034 -1.373400 0.000000 0.000000 0.000000 1.000000
0.999918 0.006607 0.011009 0.000000 -0.006258 0.999485 -0.031459 9.100000 -0.011211 0.031388 0.999444 -1.373400 0.000000 0.000000 0.000000 1.000000
0.999942 -0.000623 0.010780 0.000000 0.000878 0.999720 -0.023658 9.100000 -0.010763 0.023666 0.999662 -1.373400 0.000000 0.000000 0.000000 1.000000
0.999921 -0.006597 0.010742 0.000000 0.006811 0.999777 -0.019998 9.100000 -0.010608 0.020069 0.999742 -1.373400 0.000000 0.000000 0.000000 1.000000
0.999886 -0.011287 0.009991 0.000000 0.011475 0.999754 -0.018981 9.100000 -0.009774 0.019093 0.999770 -1.373400 0.000000 0.000000 0.000000 1.000000
0.999813 -0.017426 0.008349 0.000000 0.017583 0.999664 -0.019064 9.100000 -0.008014 0.019208 0.999783 -1.373400 0.000000 0.000000 0.000000 1.000000
0.999651 -0.025577 0.006663 0.000000 0.025708 0.999462 -0.020392 9.100000 -0.006138 0.020556 0.999770 -1.373400 0.000000 0.000000 0.000000 1.000000</float_array><technique_common><accessor source="#mixamorig_Spine2-Matrix-animation-output-transform-array" count="25" stride="16"><param type="float4x4"/></accessor></technique_common></source><source id="mixamorig_Spine2-Interpolations"><Name_array id="mixamorig_Spine2-Interpolations-array" count="25">
 LINEAR LINEAR LINEAR LINEAR LINEAR LINEAR LINEAR LINEAR LINEAR LINEAR LINEAR
LINEAR LINEAR LINEAR LINEAR LINEAR LINEAR LINEAR LINEAR LINEAR LINEAR LINEAR LINEAR
LINEAR LINEAR</Name_array><technique_common><accessor source="#mixamorig_Spine2-Interpolations-array" count="25"><param type="name"/></accessor></technique_common></source><sampler id="mixamorig_Spine2-Matrix-animation-transform"><input semantic="INPUT" source="#mixamorig_Spine2-Matrix-animation-input"/><input semantic="OUTPUT" source="#mixamorig_Spine2-Matrix-animation-output-transform"/><input semantic="INTERPOLATION" source="#mixamorig_Spine2-Interpolations"/></sampler><channel source="#mixamorig_Spine2-Matrix-animation-transform" target="mixamorig_Spine2/matrix"/></animation>
    <animation id="mixamorig_Neck-anim" name="mixamorig_Neck"><source id="mixamorig_Neck-Matrix-animation-input"><float_array id="mixamorig_Neck-Matrix-animation-input-array" count="25">

0.000000 0.033333 0.066667 0.100000 0.133333 0.166667 0.200000 0.233333 0.266667 0.300000 0.333333 0.366667 0.400000 0.433333 0.466667 0.500000
0.533333 0.566667 0.600000 0.633333 0.666667 0.700000 0.733333 0.766667 0.800000</float_array><technique_common><accessor source="#mixamorig_Neck-Matrix-animation-input-array" count="25"><param name="TIME" type="float"/></accessor></technique_common></source><source id="mixamorig_Neck-Matrix-animation-output-transform"><float_array id="mixamorig_Neck-Matrix-animation-output-transform-array" count="400">

0.989006 0.143274 0.036613 0.000000 -0.137727 0.982585 -0.124728 16.671700 -0.053845 0.118314 0.991515 -2.516200 0.000000 0.000000 0.000000 1.000000
0.989844 0.137249 0.037040 0.000000 -0.132423 0.984968 -0.110915 16.671700 -0.051706 0.104884 0.993139 -2.516200 0.000000 0.000000 0.000000 1.000000
0.989478 0.139927 0.036802 0.000000 -0.135166 0.984712 -0.109870 16.671700 -0.051614 0.103739 0.993264 -2.516200 0.000000 0.000000 0.000000 1.000000
0.988454 0.147186 0.035996 -0.000000 -0.142025 0.982753 -0.118427 16.671700 -0.052806 0.111947 0.992310 -2.516200 0.000000 0.000000 0.000000 1.000000
0.987459 0.154062 0.034495 0.000000 -0.148446 0.980425 -0.129348 16.671700 -0.053748 0.122605 0.990999 -2.516200 0.000000 0.000000 0.000000 1.000000
0.986885 0.158194 0.032147 0.000000 -0.152342 0.978553 -0.138658 16.671700 -0.053392 0.131942 0.989818 -2.516200 0.000000 0.000000 0.000000 1.000000
0.986867 0.158915 0.028986 0.000000 -0.153071 0.977296 -0.146497 16.671700 -0.051608 0.140136 0.988786 -2.516200 0.000000 0.000000 0.000000 1.000000
0.987492 0.155647 0.025169 -0.000000 -0.150028 0.976680 -0.153587 16.671700 -0.048488 0.147889 0.987815 -2.516200 0.000000 0.000000 0.000000 1.000000
0.988572 0.149239 0.021306 0.000000 -0.144023 0.976719 -0.158991 16.671700 -0.044538 0.154106 0.987050 -2.516200 0.000000 0.000000 0.000000 1.000000
0.989651 0.142316 0.018352 0.000000 -0.137534 0.977230 -0.161572 16.671700 -0.040928 0.157376 0.986690 -2.516200 0.000000 0.000000 0.000000 1.000000
0.990203 0.138539 0.017437 0.000000 -0.133968 0.977805 -0.161090 16.671700 -0.039367 0.157175 0.986786 -2.516200 0.000000 0.000000 0.000000 1.000000
0.989793 0.141225 0.019127 0.000000 -0.136464 0.977888 -0.158470 16.671700 -0.041084 0.154242 0.987179 -2.516200 0.000000 0.000000 0.000000 1.000000
0.988375 0.150370 0.022437 0.000000 -0.145106 0.977048 -0.155954 16.671700 -0.045373 0.150886 0.987509 -2.516200 0.000000 0.000000 0.000000 1.000000
0.986372 0.162524 0.025630 0.000000 -0.156645 0.975274 -0.155896 16.671700 -0.050333 0.149757 0.987441 -2.516200 0.000000 0.000000 0.000000 1.000000
0.984363 0.173913 0.027992 0.000000 -0.167401 0.973040 -0.158647 16.671700 -0.054828 0.151481 0.986938 -2.516200 0.000000 0.000000 0.000000 1.000000
0.982803 0.182264 0.029640 0.000000 -0.175141 0.970929 -0.163162 16.671700 -0.058517 0.155165 0.986154 -2.516200 0.000000 0.000000 0.000000 1.000000
0.982195 0.185461 0.029968 0.000000 -0.177871 0.969368 -0.169372 16.671700 -0.060462 0.161026 0.985096 -2.516200 0.000000 0.000000 0.000000 1.000000
0.982638 0.183322 0.028557 -0.000000 -0.175575 0.968566 -0.176219 16.671700 -0.059964 0.168145 0.983937 -2.516200 0.000000 0.000000 0.000000 1.000000
0.983452 0.179263 0.026214 0.000000 -0.171668 0.968314 -0.181380 16.671700 -0.057898 0.173878 0.983064 -2.516200 0.000000 0.000000 0.000000 1.000000
0.983930 0.176804 0.024928 0.000000 -0.169407 0.968498 -0.182517 16.671700 -0.056412 0.175361 0.982887 -2.516200 0.000000 0.000000 0.000000 1.000000
0.984190 0.175203 0.025966 0.000000 -0.167860 0.969449 -0.178860 16.671700 -0.056510 0.171674 0.983532 -2.516200 0.000000 0.000000 0.000000 1.000000
0.984804 0.171248 0.028901 -0.000000 -0.163932 0.971564 -0.170849 16.671700 -0.057336 0.163516 0.984873 -2.516200 0.000000 0.000000 0.000000 1.000000
0.986055 0.163255 0.032288 0.000000 -0.156209 0.974888 -0.158717 16.671700 -0.057389 0.151460 0.986796 -2.516200 0.000000 0.000000 0.000000 1.000000
0.987637 0.152880 0.034641 0.000000 -0.146508 0.978842 -0.142838 16.671700 -0.055745 0.135997 0.989140 -2.516200 0.000000 0.000000 0.000000 1.000000
0.988912 0.144065 0.036046 -0.000000 -0.138519 0.982332 -0.125844 16.671700 -0.053538 0.119455 0.991395 -2.516200 0.000000 0.000000 0.000000 1.000000</float_array><technique_common><accessor source="#mixamorig_Neck-Matrix-animation-output-transform-array" count="25" stride="16"><param type="float4x4"/></accessor></technique_common></source><source id="mixamorig_Neck-Interpolations"><Name_array id="mixamorig_Neck-Interpolations-array" count="25">
 LINEAR LINEAR LINEAR LINEAR LINEAR LINEAR LINEAR LINEAR LINEAR LINEAR LINEAR
LINEAR LINEAR LINEAR LINEAR LINEAR LINEAR LINEAR LINEAR LINEAR LINEAR LINEAR LINEAR
LINEAR LINEAR</Name_array><technique_common><accessor source="#mixamorig_Neck-Interpolations-array" count="25"><param type="name"/></accessor></technique_common></source><sampler id="mixamorig_Neck-Matrix-animation-transform"><input semantic="INPUT" source="#mixamorig_Neck-Matrix-animation-input"/><input semantic="OUTPUT" source="#mixamorig_Neck-Matrix-animation-output-transform"/><input semantic="INTERPOLATION" source="#mixamorig_Neck-Interpolations"/></sampler><channel source="#mixamorig_Neck-Matrix-animation-transform" target="mixamorig_Neck/matrix"/></animation>
    <animation id="mixamorig_Head-anim" name="mixamorig_Head"><source id="mixamorig_Head-Matrix-animation-input"><float_array id="mixamorig_Head-Matrix-animation-input-array" count="25">

0.000000 0.033333 0.066667 0.100000 0.133333 0.166667 0.200000 0.233333 0.266667 0.300000 0.333333 0.366667 0.400000 0.433333 0.466667 0.500000
0.533333 0.566667 0.600000 0.633333 0.666667 0.700000 0.733333 0.766667 0.800000</float_array><technique_common><accessor source="#mixamorig_Head-Matrix-animation-input-array" count="25"><param name="TIME" type="float"/></accessor></technique_common></source><source id="mixamorig_Head-Matrix-animation-output-transform"><float_array id="mixamorig_Head-Matrix-animation-output-transform-array" count="400">

0.992184 0.108169 0.062207 0.000000 -0.107496 0.994106 -0.014078 9.617900 -0.063363 0.007281 0.997964 1.685000 0.000000 0.000000 0.000000 1.000000
0.994269 0.086074 0.063414 0.000000 -0.086435 0.996253 0.002967 9.617900 -0.062921 -0.008431 0.997983 1.685000 0.000000 0.000000 0.000000 1.000000
0.995887 0.070206 0.057270 0.000000 -0.070670 0.997481 0.006109 9.617900 -0.056696 -0.010131 0.998340 1.685000 0.000000 0.000000 0.000000 1.000000
0.996321 0.071447 0.047320 -0.000000 -0.071212 0.997439 -0.006642 9.617900 -0.047674 0.003248 0.998858 1.685000 0.000000 0.000000 0.000000 1.000000
0.996069 0.080848 0.036200 0.000000 -0.079982 0.996488 -0.024774 9.617900 -0.038075 0.021782 0.999037 1.685000 0.000000 0.000000 0.000000 1.000000
0.996193 0.083764 0.024145 0.000000 -0.082817 0.995846 -0.037843 9.617900 -0.027214 0.035699 0.998992 1.685000 0.000000 0.000000 0.000000 1.000000
0.996989 0.076710 0.011371 0.000000 -0.076139 0.996118 -0.044173 9.617900 -0.014716 0.043174 0.998959 1.685000 0.000000 0.000000 0.000000 1.000000
0.997709 0.067638 -0.001074 0.000000 -0.067611 0.996543 -0.048280 9.617900 -0.002195 0.048242 0.998833 1.685000 0.000000 0.000000 0.000000 1.000000
0.997853 0.064475 -0.011466 -0.000000 -0.065013 0.996354 -0.055240 9.617900 0.007863 0.055867 0.998407 1.685000 0.000000 0.000000 0.000000 1.000000
0.997488 0.068559 -0.017841 -0.000000 -0.069611 0.995308 -0.067202 9.617900 0.013150 0.068275 0.997580 1.685000 0.000000 0.000000 0.000000 1.000000
0.996897 0.076544 -0.018358 0.000000 -0.077816 0.993480 -0.083323 9.617900 0.011861 0.084493 0.996353 1.685000 0.000000 0.000000 0.000000 1.000000
0.996333 0.084449 -0.013739 0.000000 -0.085404 0.991281 -0.100341 9.617900 0.005145 0.101147 0.994858 1.685000 0.000000 0.000000 0.000000 1.000000
0.995766 0.091546 -0.008314 -0.000000 -0.091896 0.989222 -0.113999 9.617900 -0.002212 0.114280 0.993446 1.685000 0.000000 0.000000 0.000000 1.000000
0.995039 0.099299 -0.006044 0.000000 -0.099285 0.987415 -0.123099 9.617900 -0.006255 0.123088 0.992376 1.685000 0.000000 0.000000 0.000000 1.000000
0.994076 0.108508 -0.006284 0.000000 -0.108393 0.985435 -0.131027 9.617900 -0.008025 0.130932 0.991359 1.685000 0.000000 0.000000 0.000000 1.000000
0.992940 0.118445 -0.006332 0.000000 -0.118158 0.983031 -0.140314 9.617900 -0.010395 0.140072 0.990087 1.685000 0.000000 0.000000 0.000000 1.000000
0.992343 0.123289 -0.007464 0.000000 -0.123002 0.980920 -0.150552 9.617900 -0.011239 0.150317 0.988574 1.685000 0.000000 0.000000 0.000000 1.000000
0.992738 0.119816 -0.010756 0.000000 -0.120043 0.980860 -0.153305 9.617900 -0.007819 0.153483 0.988120 1.685000 0.000000 0.000000 0.000000 1.000000
0.993361 0.114120 -0.014537 -0.000000 -0.115027 0.983190 -0.141794 9.617900 -0.001889 0.142524 0.989789 1.685000 0.000000 0.000000 0.000000 1.000000
0.993572 0.112385 -0.013536 0.000000 -0.113198 0.986358 -0.119518 9.617900 -0.000081 0.120282 0.992740 1.685000 0.000000 0.000000 0.000000 1.000000
0.993507 0.113729 -0.003163 0.000000 -0.113525 0.989117 -0.093595 9.617900 -0.007516 0.093346 0.995605 1.685000 0.000000 0.000000 0.000000 1.000000
0.993199 0.115389 0.015557 0.000000 -0.114056 0.991059 -0.069232 9.617900 -0.023407 0.066987 0.997479 1.685000 0.000000 0.000000 0.000000 1.000000
0.992441 0.117175 0.036478 -0.000000 -0.115340 0.992122 -0.048898 9.617900 -0.041921 0.044321 0.998137 1.685000 0.000000 0.000000 0.000000 1.000000
0.991998 0.115334 0.051363 -0.000000 -0.113805 0.992995 -0.031781 9.617900 -0.054668 0.025682 0.998174 1.685000 0.000000 0.000000 0.000000 1.000000
0.993048 0.101910 0.058906 0.000000 -0.101264 0.994763 -0.013860 9.617900 -0.060010 0.007798 0.998167 1.685000 0.000000 0.000000 0.000000 1.000000</float_array><technique_common><accessor source="#mixamorig_Head-Matrix-animation-output-transform-array" count="25" stride="16"><param type="float4x4"/></accessor></technique_common></source><source id="mixamorig_Head-Interpolations"><Name_array id="mixamorig_Head-Interpolations-array" count="25">
 LINEAR LINEAR LINEAR LINEAR LINEAR LINEAR LINEAR LINEAR LINEAR LINEAR LINEAR
LINEAR LINEAR LINEAR LINEAR LINEAR LINEAR LINEAR LINEAR LINEAR LINEAR LINEAR LINEAR
LINEAR LINEAR</Name_array><technique_common><accessor source="#mixamorig_Head-Interpolations-array" count="25"><param type="name"/></accessor></technique_common></source><sampler id="mixamorig_Head-Matrix-animation-transform"><input semantic="INPUT" source="#mixamorig_Head-Matrix-animation-input"/><input semantic="OUTPUT" source="#mixamorig_Head-Matrix-animation-output-transform"/><input semantic="INTERPOLATION" source="#mixamorig_Head-Interpolations"/></sampler><channel source="#mixamorig_Head-Matrix-animation-transform" target="mixamorig_Head/matrix"/></animation>
    <animation id="mixamorig_LeftShoulder-anim" name="mixamorig_LeftShoulder"><source id="mixamorig_LeftShoulder-Matrix-animation-input"><float_array id="mixamorig_LeftShoulder-Matrix-animation-input-array" count="25">

0.000000 0.033333 0.066667 0.100000 0.133333 0.166667 0.200000 0.233333 0.266667 0.300000 0.333333 0.366667 0.400000 0.433333 0.466667 0.500000
0.533333 0.566667 0.600000 0.633333 0.666667 0.700000 0.733333 0.766667 0.800000</float_array><technique_common><accessor source="#mixamorig_LeftShoulder-Matrix-animation-input-array" count="25"><param name="TIME" type="float"/></accessor></technique_common></source><source id="mixamorig_LeftShoulder-Matrix-animation-output-transform"><float_array id="mixamorig_LeftShoulder-Matrix-animation-output-transform-array" count="400">

0.967105 0.130526 -0.218336 4.570400 -0.148514 0.986567 -0.068042 10.946000 0.206522 0.098229 0.973499 -2.628000 0.000000 0.000000 0.000000 1.000000
0.964426 0.102314 -0.243751 4.570400 -0.124313 0.989281 -0.076609 10.946000 0.233300 0.104185 0.966807 -2.628000 0.000000 0.000000 0.000000 1.000000
0.957648 0.087538 -0.274314 4.570400 -0.114941 0.989691 -0.085442 10.946000 0.264007 0.113354 0.957837 -2.628000 0.000000 0.000000 0.000000 1.000000
0.951469 0.087981 -0.294899 4.570400 -0.119492 0.988696 -0.090561 10.946000 0.283598 0.121404 0.951227 -2.628000 0.000000 0.000000 0.000000 1.000000
0.948431 0.098862 -0.301171 4.570400 -0.131778 0.987097 -0.090965 10.946000 0.288292 0.125961 0.949221 -2.628000 0.000000 0.000000 0.000000 1.000000
0.947190 0.115152 -0.299284 4.570400 -0.147719 0.985062 -0.088498 10.946000 0.284623 0.128034 0.950051 -2.628000 0.000000 0.000000 0.000000 1.000000
0.946138 0.133771 -0.294837 4.570400 -0.165384 0.982567 -0.084918 10.946000 0.278337 0.129105 0.951767 -2.628000 0.000000 0.000000 0.000000 1.000000
0.945596 0.151933 -0.287688 4.570400 -0.182044 0.979963 -0.080819 10.946000 0.269644 0.128794 0.954308 -2.628000 0.000000 0.000000 0.000000 1.000000
0.946649 0.167112 -0.275554 4.570400 -0.194828 0.977867 -0.076283 10.946000 0.256707 0.125899 0.958254 -2.628000 0.000000 0.000000 0.000000 1.000000
0.949875 0.177527 -0.257337 4.570400 -0.201903 0.976799 -0.071401 10.946000 0.238691 0.119779 0.963680 -2.628000 0.000000 0.000000 0.000000 1.000000
0.954854 0.182991 -0.234026 4.570400 -0.203465 0.976831 -0.066351 10.946000 0.216462 0.110972 0.969964 -2.628000 0.000000 0.000000 0.000000 1.000000
0.959635 0.187312 -0.209797 4.570400 -0.204154 0.977003 -0.061531 10.946000 0.193447 0.101878 0.975807 -2.628000 0.000000 0.000000 0.000000 1.000000
0.961867 0.196370 -0.190395 4.570400 -0.210658 0.975852 -0.057761 10.946000 0.174454 0.095666 0.980007 -2.628000 0.000000 0.000000 0.000000 1.000000
0.960905 0.211104 -0.179155 4.570400 -0.224237 0.972907 -0.056296 10.946000 0.162417 0.094269 0.982209 -2.628000 0.000000 0.000000 0.000000 1.000000
0.957433 0.229964 -0.174468 4.570400 -0.242918 0.968391 -0.056647 10.946000 0.155926 0.096617 0.983032 -2.628000 0.000000 0.000000 0.000000 1.000000
0.954420 0.244127 -0.171712 4.570400 -0.257179 0.964618 -0.058052 10.946000 0.151465 0.099566 0.983435 -2.628000 0.000000 0.000000 0.000000 1.000000
0.953181 0.250718 -0.169077 4.570400 -0.263672 0.962823 -0.058724 10.946000 0.148068 0.100556 0.983852 -2.628000 0.000000 0.000000 0.000000 1.000000
0.953024 0.249973 -0.171050 4.570400 -0.263079 0.963003 -0.058440 10.946000 0.150113 0.100695 0.983528 -2.628000 0.000000 0.000000 0.000000 1.000000
0.952359 0.244706 -0.182019 4.570400 -0.258972 0.964089 -0.058877 10.946000 0.161075 0.103210 0.981531 -2.628000 0.000000 0.000000 0.000000 1.000000
0.951578 0.235600 -0.197465 4.570400 -0.251724 0.965899 -0.060617 10.946000 0.176449 0.107388 0.978434 -2.628000 0.000000 0.000000 0.000000 1.000000
0.952522 0.221560 -0.208835 4.570400 -0.239078 0.968991 -0.062431 10.946000 0.188527 0.109395 0.975956 -2.628000 0.000000 0.000000 0.000000 1.000000
0.956089 0.202936 -0.211449 4.570400 -0.220509 0.973356 -0.062887 10.946000 0.193053 0.106752 0.975364 -2.628000 0.000000 0.000000 0.000000 1.000000
0.961272 0.181018 -0.207820 4.570400 -0.197679 0.978289 -0.062242 10.946000 0.192041 0.100913 0.976185 -2.628000 0.000000 0.000000 0.000000 1.000000
0.966209 0.151830 -0.208298 4.570400 -0.168457 0.983600 -0.064450 10.946000 0.195097 0.097361 0.975940 -2.628000 0.000000 0.000000 0.000000 1.000000
0.966538 0.125085 -0.223961 4.570400 -0.143965 0.987104 -0.069995 10.946000 0.212318 0.099896 0.972081 -2.628000 0.000000 0.000000 0.000000 1.000000</float_array><technique_common><accessor source="#mixamorig_LeftShoulder-Matrix-animation-output-transform-array" count="25" stride="16"><param type="float4x4"/></accessor></technique_common></source><source id="mixamorig_LeftShoulder-Interpolations"><Name_array id="mixamorig_LeftShoulder-Interpolations-array" count="25">
 LINEAR LINEAR LINEAR LINEAR LINEAR LINEAR LINEAR LINEAR LINEAR LINEAR LINEAR
LINEAR LINEAR LINEAR LINEAR LINEAR LINEAR LINEAR LINEAR LINEAR LINEAR LINEAR LINEAR
LINEAR LINEAR</Name_array><technique_common><accessor source="#mixamorig_LeftShoulder-Interpolations-array" count="25"><param type="name"/></accessor></technique_common></source><sampler id="mixamorig_LeftShoulder-Matrix-animation-transform"><input semantic="INPUT" source="#mixamorig_LeftShoulder-Matrix-animation-input"/><input semantic="OUTPUT" source="#mixamorig_LeftShoulder-Matrix-animation-output-transform"/><input semantic="INTERPOLATION" source="#mixamorig_LeftShoulder-Interpolations"/></sampler><channel source="#mixamorig_LeftShoulder-Matrix-animation-transform" target="mixamorig_LeftShoulder/matrix"/></animation>
    <animation id="mixamorig_LeftArm-anim" name="mixamorig_LeftArm"><source id="mixamorig_LeftArm-Matrix-animation-input"><float_array id="mixamorig_LeftArm-Matrix-animation-input-array" count="25">

0.000000 0.033333 0.066667 0.100000 0.133333 0.166667 0.200000 0.233333 0.266667 0.300000 0.333333 0.366667 0.400000 0.433333 0.466667 0.500000
0.533333 0.566667 0.600000 0.633333 0.666667 0.700000 0.733333 0.766667 0.800000</float_array><technique_common><accessor source="#mixamorig_LeftArm-Matrix-animation-input-array" count="25"><param name="TIME" type="float"/></accessor></technique_common></source><source id="mixamorig_LeftArm-Matrix-animation-output-transform"><float_array id="mixamorig_LeftArm-Matrix-animation-output-transform-array" count="400">

0.601709 0.790500 -0.114266 10.592400 -0.677349 0.580840 0.451467 -0.524600 0.423255 -0.194254 0.884941 -2.232100 0.000000 0.000000 0.000000 1.000000
